462518138nnet_tab1 0 
[[-0.41311995 -0.17326776 -0.0599736  ... -0.01872201 -0.3100056
  -0.0512643 ]
 [-0.29094933  0.44015655 -0.24559181 ...  0.09469612  0.48767932
   0.3906499 ]
 [-0.22877272 -0.42445126 -0.12988434 ...  0.13021952  0.01555838
  -0.32171554]
 ...
 [-0.17684636  0.06269881  0.25720372 ...  0.26928765 -0.01013396
  -0.19802694]
 [ 0.27325207 -0.10012711 -0.01351085 ...  0.15634624  0.08545798
   0.02637487]
 [ 0.34940647 -0.1861473  -0.00999921 ... -0.40436844  0.12026069
  -0.27758444]]
[[ 3.35315969e-01 -1.62693176e-01  2.46193757e-01  3.19214527e-01
  -4.78868674e-01  1.13273215e-01  4.02399893e-01 -1.02795699e-01
   1.45186511e-01 -1.12421957e-01  4.74217150e-01 -4.05384718e-01
  -1.42745239e-01 -4.91645791e-01 -2.25598227e-02  3.64325381e-01
  -7.91691812e-02 -2.69744343e-01  4.87333262e-01  3.29371877e-01
   3.11367930e-01 -2.24214389e-01  4.94782618e-01 -2.22712578e-01
   3.74679836e-01]
 [-1.68745871e-01  2.13717896e-01 -4.43906134e-01 -3.35832793e-01
  -3.06808940e-01  4.30602906e-01  2.35059592e-01  4.84460971e-01
  -3.56436444e-01  4.15015201e-01 -3.26556381e-01  4.05207833e-01
   1.61114269e-01 -3.39396342e-01 -6.02217806e-03  9.29225942e-02
   2.53989049e-01 -2.44968746e-01  2.18840101e-01 -7.47127852e-04
   3.22120640e-01  3.81664193e-01 -2.61511725e-01 -1.34474375e-01
  -2.21034025e-01]
 [ 4.29548925e-01  3.19410946e-01  2.36707631e-01 -2.94558995e-01
  -2.77847379e-01 -1.12133397e-01 -2.65121670e-01  7.43314095e-03
  -3.81177269e-01  1.81587791e-01 -3.90903502e-01  1.75683245e-01
  -3.01950856e-01 -4.33810833e-01 -3.40505679e-02 -3.00384387e-01
   1.93270015e-01 -1.66816703e-01  3.55266648e-01 -4.55787467e-01
  -1.64164042e-01  2.62160870e-01 -5.25055730e-03  2.55192621e-01
   2.37469369e-01]
 [-4.47232844e-01  3.12855516e-01 -1.09676793e-01 -1.31999926e-01
  -1.32461535e-01  3.44795148e-02 -1.06126647e-01 -3.16703350e-01
   4.47031462e-01 -4.76982465e-01  2.80552285e-01  2.85128467e-01
  -1.94436458e-01  2.09803815e-01 -1.23532057e-01 -1.25920189e-01
  -5.03347600e-02  1.55880222e-01 -2.58278756e-01 -1.43396696e-01
   9.56309348e-02 -4.03546649e-02 -3.34990225e-01  2.51384944e-01
  -1.46293268e-01]
 [-8.78265301e-02 -4.27859749e-01 -3.96847888e-01 -3.96767019e-01
  -3.74322668e-01  3.77042523e-01 -4.16589198e-01  2.92373978e-01
   2.16510887e-01  2.28671997e-01  1.44662614e-01 -2.98828191e-01
  -4.98543741e-01  2.25998501e-01  1.33583418e-01 -2.26619741e-01
   3.99057292e-01  2.60809897e-01  2.50631109e-01  4.36291464e-01
   1.51877786e-01 -2.72466066e-01 -4.86577906e-01 -3.96378119e-01
  -1.32022940e-01]
 [ 2.85976436e-01 -1.12640219e-01 -1.51243270e-01  1.71542768e-01
   3.23565097e-01 -1.59847242e-02  1.38009792e-01  7.77551878e-02
  -3.69562367e-02  2.08896894e-02  1.06448084e-01  9.46190651e-02
  -1.59386122e-01  1.67433071e-01 -4.36721928e-02 -1.32159284e-01
  -2.22097587e-01  4.74241054e-01  4.82957759e-01 -3.31923813e-01
   1.61544110e-01  3.83905810e-01  4.95750366e-01 -2.06699901e-01
  -7.48780875e-02]
 [ 4.39493800e-01 -1.75169092e-01  3.86773582e-02  1.91056467e-01
   2.08229871e-01  4.43804261e-01 -2.31112141e-01  2.20972734e-01
   2.42176284e-01 -4.03403958e-01 -4.20256657e-01 -3.62623411e-01
   3.81074615e-01  3.05782058e-01 -4.14237517e-01 -2.47177609e-01
  -3.93549470e-01 -4.38942457e-01 -7.20347196e-02 -1.86122503e-01
   4.08255740e-01  2.75649721e-01  2.99848080e-01  3.81121697e-01
  -4.37916963e-01]
 [-3.71965131e-01  2.59225563e-01 -9.94184267e-02 -2.99430571e-01
  -1.98947380e-01  2.12752556e-01  4.36149808e-01  1.77926478e-01
  -4.63976074e-01  2.50114653e-01  4.37252260e-01 -1.49696956e-02
   2.83947048e-01 -4.55469390e-01  2.00850992e-01  1.57817537e-01
   3.27306539e-01 -2.34355042e-01 -1.71484590e-01  2.84295226e-01
  -1.58132175e-01  4.28905595e-01 -1.22132037e-01  4.42742780e-01
   1.71494008e-01]
 [ 1.59938896e-02  2.63026235e-01 -4.20980121e-01 -1.73652818e-01
  -1.21791297e-01  3.85923397e-01 -2.38373799e-01  1.13026847e-01
   4.28028685e-01 -2.05469388e-02  3.69606510e-01  2.91201584e-01
  -2.90962041e-01  3.97258104e-01 -3.80346822e-01 -2.61420325e-01
  -2.90119505e-01 -1.97746424e-01 -3.73848620e-01 -4.08476328e-01
  -8.93510608e-02  3.31731195e-01  3.78810448e-01 -4.47053284e-01
  -2.99113656e-01]
 [-1.32610203e-01  3.94315613e-01  3.80109912e-02 -4.67575595e-01
   3.26893115e-01 -2.71664233e-01  4.39037176e-01  4.15671953e-01
  -4.69894978e-01  1.67880149e-02  2.47706286e-01  7.54749165e-02
  -3.65137871e-01  3.23796582e-01  1.11788175e-01 -4.98427271e-01
  -1.96826087e-01 -1.51602651e-01  3.53910832e-01  2.82391457e-01
  -4.57281311e-01 -4.00881081e-01 -2.12446951e-02 -3.62384781e-01
   5.03842599e-02]
 [ 1.69612886e-01  6.07055025e-02 -2.41360108e-01 -3.45255115e-01
   2.53233827e-01 -1.78664701e-01  5.96658800e-02  5.22699283e-02
   3.66310368e-01  4.39724544e-01  3.69808033e-01  7.78865529e-02
  -1.10186508e-01  2.05916805e-01  4.08159725e-01 -3.49637585e-01
  -9.99888585e-02 -2.59799876e-02 -1.15632150e-01 -2.44588230e-01
  -1.67713741e-01  2.12669370e-02  3.54551913e-01 -3.97853489e-01
  -1.41730131e-01]
 [ 2.93745274e-01  2.26814946e-01 -9.78267293e-02  5.41996297e-02
  -3.87719812e-01  2.73384762e-01 -1.06810741e-01 -4.17162625e-01
   3.22120620e-01 -3.33782600e-01  2.76997283e-02  4.84984084e-01
   1.73783275e-01  1.84132615e-01  1.70281702e-01  2.10316847e-01
  -4.37479091e-01 -3.31668552e-01  4.10923797e-01 -2.72963990e-02
  -3.55629751e-01  9.93322943e-02  1.46521924e-02  3.15672488e-01
  -4.50328235e-03]
 [-4.03854141e-01  3.44678196e-01  4.13973285e-01 -2.40012532e-01
  -4.42996767e-01 -3.63686803e-01  6.61839783e-02  4.45614344e-03
   3.56556854e-01  2.67625243e-01 -1.63616073e-01  2.82775154e-01
   2.27068355e-01  1.31110296e-01  3.00406093e-01  1.35089837e-02
  -1.04852910e-01  4.40010156e-01 -2.52410764e-01 -2.95472851e-01
  -3.30541508e-01  4.29482560e-01  3.34424858e-01 -1.57790192e-01
  -1.17083422e-01]
 [ 9.40936973e-02  1.79685370e-01 -4.78854951e-01 -3.33754610e-01
   4.34450833e-01  1.04377506e-01 -4.90132365e-01 -9.80058880e-03
   3.41031306e-02  4.75126800e-01 -1.66660342e-01 -3.29456057e-01
   8.63303936e-02 -2.62199995e-01 -2.43133406e-01 -4.07627436e-01
  -4.44518674e-03 -3.83127077e-01  2.58575301e-01  4.83956334e-01
   3.58432538e-01 -9.06611538e-02 -1.95688262e-01  2.93958199e-01
  -4.27694876e-01]
 [ 3.67326409e-01 -1.00316038e-01 -1.64914878e-01  3.47475002e-01
   4.76097719e-01 -5.27630922e-02  2.33730593e-01  1.83989051e-01
   2.81319596e-01  1.74662248e-01  8.31616825e-02 -1.47930334e-01
  -3.34956576e-01 -2.61448352e-01 -3.52860914e-01 -8.52046182e-05
   3.46467553e-01  9.08849442e-03 -1.63949764e-01  3.43875768e-01
   2.67854385e-01  3.58842653e-01 -8.52230681e-02  1.80711122e-01
   3.60637198e-01]
 [-1.87950655e-01  4.05370396e-01 -3.22673178e-01 -2.76350345e-01
  -5.06877808e-02  6.20477018e-02 -6.26349567e-02 -3.67120161e-01
  -6.38510440e-02  1.55953315e-01 -4.20209613e-02 -4.85855399e-01
   1.99128015e-01  1.83952802e-01 -3.20344416e-01 -1.14182990e-01
  -3.14176087e-01 -1.89073624e-01  1.06317348e-01  4.33708337e-01
  -2.83100629e-01  1.84975829e-01  4.78802171e-01 -6.51609915e-02
  -1.48987941e-01]
 [-1.58314869e-01 -2.98155208e-01  7.87989105e-02 -5.62570901e-02
  -2.80379819e-01 -6.36220572e-03 -3.95078540e-01  3.13011155e-02
  -6.73935913e-02  5.20659817e-02  2.03274496e-01  2.49207575e-01
   3.80043737e-01 -3.40293637e-01  3.16339107e-01  4.13061398e-01
  -7.32841089e-02  4.57909612e-02  4.01568043e-01 -4.31724496e-01
  -3.53465973e-01 -3.23998687e-01 -4.61322019e-01 -9.45918553e-02
   2.60448937e-01]
 [ 4.07116334e-01  4.77513300e-01 -4.26448059e-02  1.40268629e-01
  -4.88361084e-01  1.77824874e-01 -1.02314475e-01  1.41716961e-01
  -2.34353829e-01 -1.58542931e-01 -3.33622592e-01  2.28022485e-01
   8.04264000e-03 -9.15303905e-02 -5.41984320e-03 -2.02786380e-01
  -3.85986595e-01  3.61459762e-01 -2.38219317e-01  1.49434054e-01
   3.44930566e-01  1.50432129e-01 -3.84448971e-01  1.47213985e-01
  -3.23265365e-02]]
[[ 0.19300658 -0.49053605  0.21951557  0.26273615 -0.32329014 -0.37161336
  -0.06018684  0.09152858 -0.06568342 -0.29107069 -0.22103801  0.36680444
   0.27296975 -0.43710945 -0.4138023  -0.2857543   0.29822469  0.45821974]
 [ 0.30241733  0.48831139 -0.34494087  0.11784096 -0.2584271  -0.40913828
   0.32802684 -0.37418155  0.28059792 -0.02160337  0.36088741  0.09113884
   0.05501283 -0.12577954 -0.37246159 -0.07201253  0.45346711  0.0014356 ]
 [-0.37127038  0.44520043 -0.42213753  0.31954656  0.13529592 -0.4746398
   0.41673832 -0.4440969  -0.36792611 -0.22892559 -0.4002352   0.09423069
   0.12199132 -0.44096608 -0.05301614 -0.27615898 -0.28990819 -0.47711285]
 [-0.3450999   0.25276553  0.09677553  0.25430235 -0.2713821   0.10133778
   0.25536237  0.21905688  0.35248703  0.01793255  0.33974748  0.22630236
   0.31409598 -0.37940734 -0.332744    0.06877385 -0.35905188  0.22332867]
 [ 0.36093403  0.05283265 -0.14130796  0.31240997  0.06422668  0.27086739
   0.42419439 -0.39434518 -0.10979759  0.16972902  0.07900657 -0.22655125
  -0.21703703  0.44897833  0.2507518   0.34401353 -0.23621098  0.12212894]
 [ 0.26816698 -0.48363828  0.12648876 -0.0065578   0.28892484  0.2910321
   0.26757239 -0.11851724  0.00219428 -0.34215334 -0.30296589 -0.04074163
  -0.42201815  0.15544908  0.33338123 -0.34342085  0.10432026  0.20816178]
 [ 0.14527403 -0.39382314 -0.49189959  0.34641977  0.14816998 -0.30657133
  -0.46685263  0.11081191 -0.11738078 -0.40849168 -0.2788342   0.16869817
   0.125977   -0.17878589 -0.03278034 -0.16638269 -0.16543456  0.10110035]
 [-0.29281024  0.30877522 -0.22912846  0.45928019  0.07316097  0.27404895
  -0.23669613  0.28162345 -0.29909583  0.27040831 -0.38761589  0.44785369
  -0.48738023  0.33328001  0.19402004 -0.33211505 -0.43855517  0.15214576]
 [-0.1576503   0.15579262  0.45440111  0.43331659 -0.41375393  0.025365
  -0.3834975  -0.02303887 -0.13499278 -0.39434788  0.35972109  0.00310279
  -0.42403917  0.31946812 -0.24406592 -0.36267679  0.33354712  0.38557145]
 [-0.39526399 -0.37973438  0.49101116 -0.26913838 -0.34042745 -0.46375003
   0.16004204 -0.06063306 -0.01438945  0.31526974 -0.22918775  0.06128409
  -0.36596937  0.45733016  0.4201745  -0.28146214 -0.05662816  0.25972869]
 [ 0.09250264  0.23015636  0.12464035  0.19165115  0.08778611 -0.23432426
  -0.18211149  0.38467278  0.28289431  0.33922835 -0.40542505  0.09403592
  -0.47143958 -0.43103202 -0.46109853  0.11138529  0.18934882 -0.23432397]
 [ 0.33090702 -0.12798667 -0.13207911  0.24027589 -0.13260938  0.44957334
  -0.26382293 -0.27871486  0.35838447  0.24301777  0.33775249 -0.05199261
  -0.41474457 -0.14498202 -0.17004446 -0.46046636  0.25992699  0.49413566]
 [ 0.38707425 -0.28105933 -0.46471828  0.06545064 -0.38618486 -0.16143131
   0.22370234 -0.19920766 -0.26574071  0.19873031 -0.30314457  0.21987328
  -0.23801468  0.09362435  0.08417445 -0.42658579  0.43058627 -0.17089967]]
[[-0.24519113  0.46195193 -0.11690118 -0.41429065 -0.38239206 -0.42992811
  -0.17387197  0.44949401 -0.08765515  0.30250864  0.1554468  -0.17021678
   0.10355221]
 [ 0.02356207  0.24432026 -0.40008721  0.20208118  0.28516852 -0.34066013
   0.30621685  0.38964072  0.4275931   0.30010676 -0.34711079  0.42728061
   0.19348358]
 [-0.13345157 -0.4512178  -0.41503571  0.02321202 -0.04638487 -0.45537676
  -0.18465425  0.14961429 -0.46937023 -0.36363984  0.15391335  0.08753265
  -0.3769944 ]
 [ 0.11068463 -0.27756406 -0.03204784 -0.15851565 -0.14989338  0.35095197
  -0.24784842  0.33136833 -0.47467787 -0.13771749 -0.46292735  0.0762637
   0.3436678 ]
 [ 0.31821483 -0.08160849 -0.38140647  0.0834346   0.26248094  0.26345374
  -0.24163217 -0.13995038  0.29706384 -0.30691284 -0.17197201  0.17154557
   0.22474557]
 [ 0.49690181 -0.27245544  0.10304831  0.43205654  0.17764601  0.10531912
   0.19258438 -0.2529374   0.32817382  0.19685837  0.0061787   0.3814248
  -0.19897538]
 [ 0.4596496   0.33423971 -0.07735395 -0.05293185 -0.20666124  0.20545376
  -0.41885166  0.10706275 -0.16124783  0.45563694  0.07824521 -0.48770496
  -0.34550827]
 [-0.05907645  0.0157971   0.18153947  0.0304198   0.39643585  0.14106261
   0.08707282 -0.25555065 -0.08892341 -0.48852291  0.11221936 -0.20603506
  -0.1045013 ]]
nnet_tab1 1 
[[ 0.15826601  0.245417   -0.23868444 ...  0.11439339 -0.02533525
   0.01637579]
 [-0.15054313 -0.06918323 -0.01069763 ... -0.28348662  0.18119377
   0.09786839]
 [ 0.13022002  0.15755271 -0.10495376 ... -0.29740017 -0.30956402
   0.20666585]
 ...
 [ 0.22640446 -0.06000158 -0.01078688 ... -0.33049623  0.42104909
  -0.43411448]
 [-0.0170672  -0.16968769 -0.28478574 ... -0.10959286 -0.01260705
  -0.09777733]
 [-0.14929106  0.45815057 -0.02472971 ...  0.2339967   0.46505803
  -0.45691786]]
[[ 1.25665766e-01 -6.10010258e-02  3.79333350e-01  1.10976769e-01
   1.52713466e-01 -2.65659717e-01  1.58288037e-02 -2.78103639e-01
  -2.69156895e-01 -8.98314832e-02  3.24961255e-01 -2.27391371e-01
  -6.41290635e-02  8.98882040e-02  4.74795119e-01  6.66257994e-02
   3.23323344e-01 -4.73596825e-01 -1.73280665e-01  4.47694818e-02
   1.79022482e-01 -1.96875668e-01  4.37537863e-01  4.96568484e-01
  -4.91124933e-01]
 [ 1.87134870e-01 -2.13824954e-02  3.71368872e-02 -3.14119581e-02
  -2.37619329e-01  2.35514896e-02  9.64339128e-02  8.07731738e-02
   3.86017035e-01 -1.56504344e-01  3.48992331e-01  1.95461762e-01
  -1.41603883e-01 -4.13616461e-01  1.36569027e-01  4.17589348e-01
  -2.15522046e-01 -1.41376955e-02  1.37865091e-01 -1.83510774e-01
   4.07558155e-01 -1.79393223e-01 -4.31562981e-01  4.37275836e-01
   3.34355368e-02]
 [ 1.10479419e-01 -1.45455767e-01 -3.54312166e-01 -2.76009053e-01
   2.86008668e-01 -1.04197209e-01  3.72990961e-01  2.31399574e-01
  -1.32054957e-02  3.99668921e-02  6.79616503e-02 -1.88131148e-01
  -4.01544999e-01 -6.04055896e-02  2.62230012e-01  3.68969151e-01
  -2.15642566e-02 -3.88653911e-01  4.26660020e-01  3.77373682e-01
   3.43646004e-01 -3.58114703e-01 -4.11943676e-01  2.08888367e-01
   2.97475596e-01]
 [ 2.00560634e-01  2.89094962e-01  3.93809953e-01  1.31783048e-03
   4.61906966e-01 -7.71457062e-03  1.82764603e-01 -7.12182795e-02
   3.67865490e-01  3.39231572e-01 -1.58482724e-01 -4.66114076e-01
  -7.91391912e-02  3.97874610e-01  3.44663651e-01 -3.85397759e-01
  -3.94229165e-01  1.81385439e-02  2.67225973e-01 -4.09571645e-01
   4.33422704e-01 -2.79254939e-01  4.53075272e-02 -1.58754101e-01
   1.22765926e-01]
 [ 4.27749004e-01  6.49778015e-02  1.09443104e-01 -3.62329327e-01
  -4.35944947e-01  3.92153858e-01 -2.41399124e-01  1.51656096e-01
  -8.24631841e-02  3.13632364e-01 -1.96217256e-01 -1.83012846e-01
   2.78260390e-01  3.43975073e-01  7.99376637e-02 -1.12887308e-01
   3.55008420e-01 -4.39246112e-02  1.59953304e-02 -4.14703705e-01
  -4.91003892e-01 -4.23459484e-01 -4.73940119e-01 -2.80054147e-01
   7.61046498e-02]
 [ 3.43418147e-01  1.69747891e-02 -4.86820650e-01 -8.57425815e-02
  -8.73528337e-02  3.69716555e-02  4.24400494e-01  2.61886767e-01
   1.38166379e-01 -2.96805888e-01  2.26519416e-01  3.62559170e-01
  -2.40705526e-01 -3.98544425e-01 -5.25756481e-02 -3.43279328e-01
   1.46500473e-01  1.22148419e-01 -6.33113872e-02  3.22352004e-01
  -2.79335008e-01  4.07752753e-01 -1.54694498e-01  4.22064147e-01
   5.96817259e-02]
 [-2.15273334e-01 -2.43400892e-01  2.71665825e-01  1.52825084e-02
   1.40049213e-01 -6.71159395e-02 -4.85146383e-01  1.11773497e-01
   2.29099525e-01 -4.23598723e-01 -2.52454333e-01  3.28577717e-01
  -4.60998644e-01 -3.13145621e-01  3.43112397e-01 -4.16260830e-01
  -1.00117987e-01  2.90532298e-01 -2.83474465e-01  1.28474466e-01
  -3.22194051e-02  3.19794330e-01  5.52615821e-02 -4.85790558e-01
  -3.87501889e-01]
 [ 4.50994552e-01 -3.61641968e-01  3.53844109e-01  3.18449278e-01
   1.69709355e-01 -2.45355754e-01 -4.92653878e-01 -4.74609519e-01
   3.10141507e-01  2.08790044e-01 -1.45683026e-01 -3.51831904e-01
  -3.36007404e-01 -9.53302954e-03  2.13226164e-01 -3.69248521e-01
   4.54448233e-01 -4.84894598e-01  1.01056457e-01  2.87352898e-01
  -1.19184193e-01 -4.89199038e-01 -4.10682824e-01 -8.65835688e-02
  -3.16605114e-01]
 [ 1.87698595e-01 -1.85754845e-01 -2.72028975e-01  4.01311857e-01
  -4.89509932e-01 -4.87412897e-01  4.55160064e-02 -3.56045363e-03
   3.68702447e-01 -4.09565676e-02  4.51755848e-01  9.95558911e-02
  -3.26513965e-01 -5.16849519e-02 -2.66881190e-01  4.43070377e-02
   1.76030944e-01 -6.72663973e-02  3.98508732e-01  1.06864605e-01
   3.07249584e-01 -4.26066410e-03 -3.98265363e-01 -3.14208774e-01
  -2.47586528e-01]
 [ 4.56649025e-01  1.81880256e-01  3.92410054e-01  1.12328258e-01
   4.10676571e-01 -1.59287929e-02 -4.46577711e-01 -2.00894575e-01
  -4.00527962e-01  1.78630827e-01 -4.17303360e-01 -2.11615135e-01
  -4.44841620e-02  4.98853478e-01 -8.47339315e-02  4.52281837e-01
  -2.13570326e-02 -8.83088601e-02  3.97776997e-01 -3.83480340e-01
  -1.35537219e-01 -2.65592273e-01 -4.11176047e-01  3.88389254e-02
   2.24058292e-01]
 [ 1.87841400e-01 -4.01332201e-01 -2.83191268e-01  1.63950752e-01
   1.52711072e-01  1.45586730e-01 -6.34484475e-02  7.39321154e-02
  -2.70689626e-01  9.29193914e-02 -2.93056018e-01  3.20636736e-01
   1.90183533e-01 -2.59605343e-01 -2.26482844e-01 -3.40801224e-01
  -1.78637763e-02  1.88783956e-01  1.26083611e-01  5.97291179e-02
  -8.58655279e-02  3.65973896e-01  2.57963802e-02 -2.34426264e-01
  -1.36881877e-01]
 [ 2.68934712e-01  2.44094313e-01  2.02367178e-01 -4.90847063e-01
   2.24263656e-01 -4.37136889e-01 -9.15938756e-02 -2.06678297e-02
   1.09206356e-01  3.92157433e-01 -1.43249492e-01 -3.52335337e-01
  -1.79079783e-02  4.91207445e-01  2.57510475e-01 -1.47170170e-01
   4.70326610e-01  4.34312241e-01 -4.27702028e-01 -3.62694002e-01
  -2.97422241e-01  7.60227700e-02 -1.69249627e-01 -1.21905377e-01
   4.31604850e-01]
 [-4.65556455e-01 -3.25666316e-01  3.31032289e-01 -4.18338456e-01
   1.41644114e-01  3.11751666e-01  2.70416494e-01 -4.28776805e-01
  -6.87229385e-02 -1.45557369e-01  7.20248306e-02  4.70149847e-01
   4.11636639e-01 -3.72405125e-01 -2.20985352e-01  3.06603444e-01
  -2.11777029e-01 -7.12955252e-02  1.82415728e-01 -3.34600774e-01
   4.84233295e-01 -7.11503275e-02  2.07170672e-01  2.23904517e-01
  -1.32918218e-01]
 [ 6.62718112e-02 -3.87971935e-01 -4.24575111e-01  2.51573393e-01
  -4.97103856e-01  3.30226781e-01 -1.40286490e-01 -4.91639567e-01
  -2.01738348e-01 -4.31491672e-01  4.82028528e-01  3.89922510e-01
   3.00449727e-01  7.96670175e-02  1.21130829e-02 -4.87441213e-01
  -4.57444892e-01 -3.37108661e-01  1.25767711e-01  3.46549295e-01
   1.94822715e-01 -7.56955712e-02  2.79223973e-01 -1.75933312e-01
   3.27678681e-01]
 [ 6.09175201e-02 -1.78489209e-01 -4.34200320e-01 -1.88031400e-01
  -3.92319324e-01  2.33584833e-01  4.70092695e-02 -2.77937019e-04
   2.73504458e-01  1.79917301e-01 -6.62935454e-02  3.93246302e-01
  -1.99741626e-01 -2.32759176e-02  1.92481747e-01  4.04197320e-01
   2.43042302e-02 -4.26336201e-01  4.48899412e-01 -1.79170943e-01
  -4.21106880e-01  1.50045798e-01  3.52044273e-01  1.10915683e-01
  -4.86591673e-01]
 [ 4.28098671e-01 -1.44864160e-01 -3.84893601e-01  4.70174202e-01
  -3.03140037e-01  2.72784822e-01 -2.63195306e-01 -3.78839123e-01
   1.75553294e-01 -2.24786380e-01 -2.02437556e-01 -1.27200631e-01
  -1.51176693e-01  4.48990049e-01  1.87032008e-01  4.45731454e-01
  -7.35030177e-02  7.46256797e-02  3.86897693e-01 -1.45093852e-01
   3.11743667e-01 -4.65413634e-01  1.32742264e-01 -4.92700055e-01
  -4.51083834e-01]
 [-9.05276004e-02  1.64963679e-01 -1.32025385e-01 -1.49226627e-01
  -1.60437005e-01 -1.22788477e-01  1.59467678e-01  2.11426862e-01
  -1.59651423e-01 -3.57237162e-01 -1.88482796e-01  3.88776148e-01
  -4.28591493e-01  3.05766156e-02  2.02665494e-01  3.36968394e-01
  -4.58043028e-01  1.09972654e-01  2.38954020e-01  3.25599919e-01
  -2.57649426e-01 -3.19475452e-01  1.53108805e-01 -2.38593042e-01
  -4.42273302e-01]
 [-1.06322476e-01 -3.02743327e-01  1.19553930e-01  2.50093946e-01
   3.41930161e-01 -1.22640589e-01 -2.73862171e-01  2.74926270e-01
   7.04410144e-02  4.57949312e-01 -6.46240878e-02 -6.32844581e-02
   2.99154857e-01 -2.93712531e-01 -4.60595570e-01 -2.93109466e-01
  -4.10310836e-01  3.25676561e-01  2.01187238e-01  5.92152027e-02
   3.06247730e-01  8.93405980e-02  2.42747976e-01 -1.75660411e-01
  -1.47697822e-01]]
[[ 0.35280844  0.27422939  0.24620898 -0.29395923  0.35995798  0.40723632
   0.36612564  0.0013212   0.4176265  -0.05993918  0.02356891  0.28932486
   0.32857652 -0.36372919 -0.48063302  0.2393879   0.19053911  0.06833466]
 [ 0.17054286 -0.36465222  0.02209204  0.17754565  0.31595927 -0.15818862
   0.40356724  0.43267214 -0.40534711 -0.13745682 -0.42147355 -0.25622164
   0.15152683 -0.11663378 -0.16188217  0.38635851  0.13810212 -0.46224703]
 [-0.46029633 -0.14863778  0.21491191 -0.34133925 -0.44585289 -0.41399426
  -0.20145847  0.07952988  0.3373004   0.21971482  0.44867011 -0.49567265
   0.38526326  0.30165016 -0.22263237  0.27181375  0.13558669  0.15083261]
 [-0.2763077  -0.44292596  0.32725374 -0.29627569  0.34778077  0.27544041
  -0.02638617 -0.08662432  0.14508397 -0.34169221 -0.23655371 -0.24988134
  -0.21939499 -0.02914869 -0.32294335 -0.18765232 -0.48135639  0.15268743]
 [-0.07945508 -0.02139085  0.13537976  0.18537083 -0.46725071 -0.34870055
   0.27606055  0.42274016  0.01328353  0.2481812  -0.04738505 -0.09056201
  -0.24974403 -0.09800612  0.4460427  -0.3552874  -0.49403682 -0.27758273]
 [-0.32490079 -0.04786245  0.20421944 -0.4847368  -0.33803387  0.48678577
  -0.47268076 -0.26153788 -0.39736427  0.09879605 -0.22193334 -0.31821845
  -0.0930104   0.235379   -0.25428919  0.16334839  0.3073254   0.13893609]
 [ 0.44447973  0.1568622  -0.13304285 -0.1063259  -0.37326674  0.08273284
   0.23632423 -0.05212597 -0.44923032 -0.14026943 -0.4777205  -0.10876781
  -0.04287689 -0.34637747  0.34737069  0.01457449  0.46062639  0.40400105]
 [ 0.12790105 -0.11718178 -0.4869373   0.23234349  0.10791634  0.42543241
  -0.46826114  0.10260714  0.28704364  0.44221438 -0.31612274 -0.41448115
  -0.16577674 -0.44292827  0.12043684 -0.05429527  0.08058271 -0.36795954]
 [-0.44018332 -0.22965675 -0.18098445  0.01960329  0.18400971 -0.03026595
  -0.36857826 -0.33694371 -0.47549071  0.02512759 -0.47039023 -0.46739111
  -0.23953495 -0.0558635  -0.03659392 -0.08440427  0.38318654 -0.15537068]
 [ 0.07138449 -0.2074162  -0.13716625 -0.37300833  0.24837784  0.39909331
  -0.24570166 -0.26062537  0.21383666  0.03229284 -0.35857695 -0.1568715
   0.22194577  0.30320351  0.28621809  0.32057376 -0.25372667  0.3704896 ]
 [-0.02155555 -0.06483148 -0.44745881 -0.08748972 -0.13740867 -0.44367487
   0.4315465  -0.39205101  0.32486019 -0.16503782 -0.02174428  0.09455892
   0.22048624  0.01511924 -0.23698914 -0.45671086 -0.1315585  -0.09491615]
 [ 0.14332901  0.25012664 -0.14023318  0.4921083  -0.426558    0.20401438
   0.2904877  -0.15578845  0.07740347  0.34582549  0.07264139  0.21709001
   0.22750598 -0.00367709  0.42014651 -0.32339325  0.04517804 -0.00731176]
 [ 0.00961743  0.48253606  0.36370483 -0.47189492  0.06497586  0.40546649
   0.32652796 -0.36589543  0.21185937  0.21866952 -0.02050512 -0.43148463
  -0.21250452  0.01010291 -0.22442503  0.09498011 -0.06168719 -0.20711269]]
[[ 0.43673207  0.40118067 -0.01308013  0.0861696  -0.16682064 -0.37809718
   0.06939479  0.29768707 -0.00258624  0.16396186  0.29832114 -0.31567388
  -0.20973894]
 [-0.27700563 -0.28112428  0.0265196  -0.11585167  0.18458452  0.29189987
  -0.04695192 -0.46738798 -0.43254197 -0.21895172  0.18446426  0.02833745
   0.14668192]
 [ 0.10850168 -0.08507881  0.2280766  -0.05476462  0.12249044 -0.11121895
   0.16285627  0.06310891  0.11875894 -0.49835797  0.28295546 -0.24428076
   0.3751992 ]
 [ 0.03651422 -0.09431671 -0.46957936 -0.40558188  0.43601614  0.21903286
   0.10863832  0.04725025 -0.28736043 -0.04469746 -0.06600241  0.13628666
  -0.25386413]
 [-0.2323247  -0.00802729  0.48098672  0.37763635  0.21550567 -0.14393246
  -0.24830346  0.31863298 -0.20976398  0.42135792  0.38671809  0.17606122
  -0.21126656]
 [ 0.15746176 -0.39154661 -0.37256717 -0.28132176 -0.26702944  0.10196075
  -0.28554063 -0.22234495  0.17691673  0.49556773  0.24028827 -0.28545443
   0.2128459 ]
 [ 0.18621279 -0.49080968 -0.42447797  0.17803571 -0.49186467  0.13193248
  -0.28090385 -0.21984778 -0.27002476 -0.46364898  0.00641897  0.29647751
  -0.15877131]
 [ 0.37643537 -0.47769172  0.13178271  0.00804215  0.38336677 -0.34684783
  -0.32040955 -0.11519111  0.14019257  0.00732256 -0.48767261 -0.19449954
  -0.01194796]]
nnet_tab1 2 
[[-0.07522676 -0.03510383  0.09346746 ...  0.46860767  0.34307896
  -0.15922073]
 [ 0.16518023  0.13716661  0.05119534 ... -0.39982757 -0.15932537
  -0.10658001]
 [ 0.42104031 -0.49032147 -0.27308626 ... -0.12130211 -0.19418336
  -0.23012392]
 ...
 [-0.49687698  0.38396228 -0.1685116  ...  0.34266904 -0.2758205
  -0.4428475 ]
 [-0.44857471 -0.23174349  0.12285507 ... -0.01747576 -0.48417692
  -0.28458575]
 [-0.19546891  0.46241203  0.06594155 ... -0.38411318 -0.49416786
   0.42053471]]
[[ 0.48030122 -0.33097826  0.26779607 -0.11030752  0.17110088 -0.05452907
  -0.08217331  0.17739912 -0.24884851  0.03221184 -0.28685066 -0.14085661
  -0.11149049  0.05330296  0.0796975   0.45718131  0.01986744 -0.47601054
   0.35656278  0.40899402  0.31748673  0.36880025  0.2917307   0.4394935
  -0.09805483]
 [-0.22803917 -0.48342775 -0.47523832 -0.23885475  0.0297775  -0.30532037
  -0.07946917  0.4094875  -0.25017985  0.45236803  0.28884252 -0.34752792
  -0.39366769  0.08014313 -0.16678028 -0.42859952  0.3427978   0.06008909
  -0.31031945 -0.33847012 -0.49850806  0.35086321  0.48918024  0.20172382
   0.14682053]
 [-0.14708134  0.35448042  0.3280517  -0.47380442  0.23005529 -0.2567742
   0.06906826 -0.27184423 -0.00100338  0.48155784 -0.26169427 -0.04545611
   0.24059581  0.05310784 -0.39743716 -0.42384027  0.33685825  0.16829643
   0.15853737 -0.04311288 -0.31916449  0.34247763 -0.38441755  0.20445625
  -0.04410703]
 [-0.0948213   0.1556545   0.25128823  0.39526938 -0.48850822  0.20637732
   0.09621839 -0.37368509 -0.493033    0.09681196 -0.16149676 -0.1324777
   0.01720583 -0.02315372 -0.0517636  -0.10372752 -0.3347441   0.35591558
   0.46742607 -0.10943476  0.04376755  0.40663644 -0.2987929  -0.32860751
   0.00052349]
 [ 0.41822389  0.25447431  0.0970384   0.11626287 -0.37683133 -0.36027773
  -0.49974603  0.09195856  0.3154741   0.12351528 -0.29467811  0.18080289
  -0.1897218  -0.3933905  -0.23439795 -0.19253637 -0.10904626  0.04095262
  -0.37415189 -0.29115683  0.20638134 -0.31139979 -0.26749354  0.12004932
   0.13311236]
 [ 0.29683822 -0.36768628  0.43491422  0.36683005  0.00698058  0.1823876
   0.44694075 -0.06214129  0.22665768  0.41932592 -0.27557953  0.16597812
   0.31104917 -0.14036359 -0.24428557  0.23061136  0.12768644 -0.19377445
  -0.39668963  0.14866603 -0.03120555  0.3784375   0.31763937  0.30758235
  -0.38612847]
 [-0.05530898 -0.48858981 -0.05809015 -0.19397743 -0.20543539  0.28107776
  -0.27318829 -0.07968379 -0.36290573 -0.29480229  0.45305408 -0.02081872
   0.3109722   0.15294397 -0.01114633 -0.00434371  0.40609593 -0.38803112
  -0.13160025 -0.0557118   0.04662121 -0.38276652 -0.05559872 -0.04603589
  -0.08211865]
 [-0.30292169 -0.29180257 -0.26999056 -0.45769419  0.20502497 -0.20888447
   0.39201971  0.24507598  0.45686095 -0.12810347  0.49661958  0.46372266
  -0.35085031 -0.21281741  0.11592211  0.38589951 -0.2776782   0.47738588
   0.06203777 -0.31806972  0.40401094  0.05298072 -0.31966288 -0.44952026
  -0.37372111]
 [-0.41575087 -0.14152919 -0.01616161  0.17169343 -0.38016882 -0.12702527
   0.15837787 -0.15529898 -0.10955288 -0.16979253  0.34731098  0.25553747
  -0.43122372  0.01049009 -0.29684698  0.38215817 -0.2983886  -0.11686811
   0.35749896 -0.48671722 -0.26459503  0.44578833 -0.45985219 -0.07615792
   0.38110234]
 [-0.27137087 -0.34344644  0.25280574 -0.47087254 -0.37855122 -0.16943338
  -0.23297348 -0.4606425  -0.04729394  0.09537344 -0.19332114  0.21450621
  -0.37700028  0.33416489 -0.44799581  0.11261426  0.33177038 -0.21178166
   0.38782003 -0.21160381  0.16123193  0.39434877 -0.30051193 -0.40493665
  -0.37664648]
 [ 0.14695103  0.46074204 -0.20886363  0.42916421  0.4648957   0.05409573
   0.40818315  0.14009111 -0.15206739  0.02058073  0.19435351 -0.33437816
  -0.10578446  0.42662366 -0.24675154  0.31327139 -0.09349954 -0.461905
  -0.18201709  0.47535389 -0.35642054  0.44836665 -0.08924101  0.20531482
  -0.17789102]
 [ 0.28984082  0.13116746 -0.49179779 -0.30931883  0.10190012  0.12471604
   0.07685437  0.20115113 -0.27987966 -0.43622619  0.3192981   0.46686612
  -0.08520634  0.24783359  0.23703084 -0.29757892 -0.28627265 -0.15608076
  -0.03479481  0.20445809  0.12284607  0.47789763 -0.00761232  0.40481401
   0.32518703]
 [ 0.48809824  0.17178116  0.1864762   0.13122528  0.30710351 -0.16096681
   0.27901894 -0.12724764 -0.19382328  0.18143228  0.02364754  0.21952845
  -0.24405646  0.04063964 -0.30893849  0.49490605 -0.32384287  0.36246308
   0.24055059  0.26637362 -0.00717011 -0.29059808  0.17448339  0.30021814
  -0.20442843]
 [ 0.0091352   0.06285542 -0.31874767 -0.23523097 -0.11528643 -0.19139524
  -0.05588085 -0.24669571  0.43293332 -0.00515826 -0.40507967 -0.35720426
  -0.1311197   0.24556777 -0.25679628 -0.40420975  0.08409993 -0.32791748
   0.49949738  0.48303364  0.30677777  0.34260171  0.11990203  0.24127938
   0.064547  ]
 [ 0.46956766  0.12571248  0.42152391 -0.23732365 -0.27996592 -0.26038893
  -0.1378571   0.18788558  0.10194027  0.15106679 -0.12172176 -0.0294866
  -0.3090031  -0.2702754  -0.34903827  0.37013557 -0.0244413   0.15814929
  -0.40844237  0.32818292  0.14373019  0.3542805  -0.13641448  0.11654963
  -0.46933477]
 [ 0.24520809 -0.49898778  0.46614849  0.08461498  0.34965875 -0.39161333
  -0.42638133  0.22146654 -0.01662747  0.10459437 -0.39594211 -0.34986698
  -0.35869863 -0.18035034 -0.07622751 -0.49867061  0.44948704  0.23904831
   0.28503076  0.46325029 -0.33685109  0.3571179   0.36056271 -0.41814669
  -0.06088248]
 [-0.13171804 -0.24851491  0.36462265  0.03520272 -0.01155374 -0.28225012
  -0.47536199 -0.00173086  0.3781891  -0.02585095  0.11818076  0.11324754
   0.30230853 -0.2305665  -0.17895004 -0.01501682 -0.46699964  0.18092254
   0.44537334 -0.42850432 -0.2157612   0.17301695  0.04699967  0.34551181
   0.09096335]
 [-0.24754782 -0.16245564 -0.11365282  0.21587531  0.34939676 -0.22228534
  -0.0390082   0.11126699  0.23053904  0.43105578 -0.04132231 -0.27866575
  -0.47240336  0.32395903 -0.27603642 -0.37685791  0.39697627  0.02427244
   0.30090275 -0.25400071 -0.26440538 -0.24352119  0.03912566 -0.21212403
  -0.43581366]]
[[ 4.46644290e-01 -2.32084526e-01 -6.65727724e-02 -3.15210328e-01
  -4.29079501e-01  1.89216980e-01 -2.95187912e-01  3.93827123e-01
  -4.87649535e-01  1.88593797e-01  1.45857136e-01  4.53826721e-01
  -8.32823599e-02  2.17123383e-01 -1.37492095e-01  2.61977283e-01
   2.65549794e-01  8.31526612e-02]
 [ 2.37642873e-01 -4.71983072e-01  4.20279856e-01  1.67284229e-01
   2.34841633e-01  4.34884973e-01  4.29140462e-02 -4.32932079e-01
  -5.91354713e-02 -9.97193310e-02  1.44413058e-03  2.79941814e-01
   4.36338927e-01 -2.31505646e-01  4.07508332e-01  4.09669367e-01
   2.19174734e-01  1.99779611e-01]
 [-4.01277532e-01 -4.85334988e-01  2.86256081e-01  1.59964733e-01
  -2.71119885e-01 -2.30295713e-01 -4.98782533e-01  2.81413211e-01
   3.32656215e-01  4.10586800e-01 -4.04344123e-01  4.70120220e-01
  -2.86354021e-02 -1.92109968e-01 -4.86277642e-01  4.63522128e-01
   1.11637833e-01 -3.75793712e-01]
 [-2.95164820e-01  3.24768743e-01  4.52023360e-01 -2.21356821e-01
   6.51092354e-02 -4.28419900e-01  2.66903775e-01  4.27850359e-01
  -2.14032826e-01 -3.74437308e-05 -3.19920429e-01 -1.32342331e-01
  -1.48188674e-01  3.44394551e-01  4.49926736e-01 -1.51706412e-01
  -3.27602378e-01  3.11860035e-01]
 [ 1.63029289e-01 -4.71232469e-01 -1.83071274e-01 -4.30051603e-02
   1.93890934e-01 -3.24886805e-01  4.69647637e-01  1.21594029e-01
  -2.77245955e-01  2.16396961e-01  3.38609339e-01 -2.92855165e-01
   4.44936267e-01  2.22259234e-01  2.92970535e-01  7.61443713e-02
   1.84822668e-01  3.94897026e-01]
 [-6.07233453e-02 -1.52702309e-01 -4.83870196e-01  1.68336388e-01
   4.59193121e-01  3.52956304e-01 -7.43295328e-02 -2.09947241e-01
  -2.80669433e-01 -8.82259678e-02 -2.59034589e-01  3.63160526e-01
   4.30465857e-01 -1.39235186e-01 -1.53246307e-01 -1.84011797e-01
   4.06844393e-03  1.80829615e-01]
 [ 8.75215521e-02 -3.00836945e-01 -3.76219333e-01 -4.74681768e-01
   1.32216809e-01  3.55255782e-02  8.52160997e-03 -2.02061907e-01
  -2.29865615e-01  1.39615904e-01 -4.48357621e-01  1.27533111e-01
   4.06513108e-01 -1.59160484e-02 -3.55385568e-01  2.98542104e-01
  -4.04137256e-01 -1.77365454e-01]
 [ 6.58477837e-02 -3.61280362e-02  3.31406209e-01  4.83426214e-01
   4.94832126e-01 -3.29403330e-01  5.64293991e-02  3.62060516e-01
   7.16241469e-02 -1.91864635e-01 -1.10147494e-01  4.28046930e-01
  -3.55183888e-01 -1.68100711e-01  8.00585005e-02 -3.31663413e-01
   4.78400282e-01  1.25009282e-01]
 [ 2.63754264e-01 -1.98875623e-01  7.03013399e-02  2.46579501e-01
  -3.70325533e-01  3.36986192e-01  1.80643842e-01 -2.61416888e-01
  -4.89034674e-01 -1.64207958e-01 -1.39473870e-01  4.07733790e-01
   5.16624500e-02  2.89717339e-01  8.60709907e-02 -4.41724524e-01
  -2.88091712e-01  3.70057611e-01]
 [ 3.79037792e-01  2.32543429e-01 -2.48689934e-01  4.07983071e-01
  -2.19783959e-01 -3.09860734e-01 -4.90416298e-01  1.72320650e-01
  -3.95728981e-01 -3.25089419e-01 -4.68004031e-01 -9.55664017e-02
   4.13510710e-01  1.03179694e-01  1.20163921e-01  3.79006310e-01
   4.36006580e-02  4.65278892e-01]
 [ 4.37447959e-02  3.01822436e-01 -2.29649655e-01 -4.91289332e-01
   8.52216615e-02  2.34814861e-01  3.30370609e-01  4.84878888e-01
   3.50143003e-01  3.70845900e-01  4.00645055e-01 -4.72221866e-01
  -2.01379056e-01  3.94971459e-02  3.26673153e-01 -1.47054554e-01
  -1.28749983e-01  3.20522826e-01]
 [ 1.37672813e-01  2.56178923e-01 -1.09279853e-01 -1.84925870e-01
   4.84219358e-01 -8.39429892e-02 -2.43335639e-02  4.28434187e-01
  -1.33687719e-01  1.89944465e-01  2.51022756e-01 -9.67093805e-02
   2.35877260e-01  9.70950615e-02  4.84817117e-01  9.01171186e-02
  -6.12425297e-02 -2.12575293e-01]
 [-1.07948138e-01  1.14693796e-01 -2.93264227e-01 -3.38240789e-01
   3.93657437e-02 -4.42184319e-01 -3.06542773e-01 -9.32814787e-02
   2.93078661e-01 -3.28286804e-01 -4.76346312e-01 -3.42464301e-01
   1.08170791e-02  4.37590200e-01 -3.02151568e-01  3.87194888e-01
  -8.99088268e-02 -2.13765669e-01]]
[[ 0.2483586  -0.01504052  0.03353384 -0.3532117  -0.33808463  0.47519663
   0.16443946  0.44549973  0.02889359  0.22589276 -0.28302079  0.29485055
   0.09588848]
 [-0.26510049 -0.26698456 -0.34163223 -0.1127487   0.34786221 -0.1000551
   0.37711088 -0.16026051 -0.06083126 -0.09405039  0.16991897  0.37693341
  -0.38100219]
 [ 0.48795173 -0.0726317   0.45161799  0.18098908 -0.45646574 -0.47029557
  -0.47035526 -0.25572275 -0.18645725 -0.15981195 -0.42217853  0.2194058
   0.39454936]
 [ 0.29010009  0.14713828  0.20922995  0.31237199 -0.28455809 -0.03327281
  -0.25796492  0.31541702 -0.22331313  0.48579272 -0.09330207  0.07092312
   0.07242023]
 [ 0.46434489  0.43318364 -0.36197262  0.40224759  0.1534807  -0.09428727
  -0.20700525  0.39047461  0.34701351 -0.35890284  0.45506693  0.40705288
   0.05126399]
 [-0.13506068 -0.11412461  0.05078071 -0.47855634  0.38079023 -0.44120677
  -0.05288606 -0.41634856  0.12182848 -0.28908523  0.11329213  0.29620575
   0.29783332]
 [ 0.21272837 -0.27256516 -0.37946229 -0.40598613 -0.2044909  -0.06754948
   0.41592084 -0.26257671 -0.12894266 -0.12650758  0.34089882 -0.10360861
  -0.2524179 ]
 [ 0.41594958  0.25417605  0.4782101  -0.37565807  0.10256245 -0.04015456
  -0.05985295  0.28584779  0.31689416  0.12655611 -0.28031873  0.22442918
   0.27532644]]
nnet_tab1 3 
[[-0.0835553  -0.14075624  0.39513441 ... -0.43748633 -0.4056611
  -0.29770726]
 [-0.40628516  0.32623173 -0.23340678 ...  0.23938015 -0.49928089
   0.41359321]
 [-0.38401438 -0.46860723 -0.30818125 ... -0.45999756 -0.05457462
  -0.3528807 ]
 ...
 [ 0.49392259 -0.05473609  0.22686995 ...  0.33772312  0.05356306
   0.26798631]
 [ 0.12286673 -0.37589878  0.08699964 ...  0.23307048  0.01517609
  -0.1925472 ]
 [ 0.28278488 -0.0094674   0.15725074 ...  0.23186012 -0.25135775
  -0.41777856]]
[[ 3.13119744e-02 -2.03236382e-01 -3.60007108e-01 -4.68337228e-01
   2.51332553e-03  3.71022910e-01 -2.20646850e-01 -4.94121325e-01
   3.59137364e-01 -2.03337735e-01  1.66395712e-01  5.50037576e-02
   1.21211463e-02 -3.49742357e-01 -3.00977152e-01 -4.69469253e-01
   2.65718430e-01 -1.31347467e-01  4.20343545e-01 -4.25960240e-01
  -3.05094032e-01  1.79313121e-01 -1.27580428e-01  3.76472072e-01
  -3.43676312e-02]
 [-1.36497332e-01  4.63685745e-01  3.39661641e-01  3.80107392e-01
   3.17621567e-01 -7.94190845e-04  1.80460898e-01 -2.64153270e-01
  -3.72809705e-01 -2.56214902e-01  5.64447987e-03 -2.85606845e-01
   1.91354363e-01  5.03417967e-02  1.52467738e-01 -3.22727144e-01
  -2.25747226e-01  3.56496844e-01 -5.49170091e-02  8.35140794e-02
  -2.55897374e-01 -3.64327493e-01 -1.63826034e-01 -9.22043874e-02
  -3.49895900e-01]
 [ 2.85418672e-01 -4.57211965e-01 -3.90108085e-01  4.24681801e-01
   1.54128289e-01  2.89114627e-01  2.42064689e-01 -1.39557198e-03
   3.96145723e-01  4.81721809e-01 -3.72470859e-01  1.58736604e-01
  -2.97368577e-01 -2.79930408e-01  2.35266903e-01  4.58599818e-01
   2.13797908e-01  2.57781706e-01  2.96583602e-01  2.56029738e-01
  -4.36259000e-01 -4.88833928e-01 -2.83220993e-01 -5.04354131e-05
   8.31621467e-02]
 [ 1.99795442e-01  2.91776682e-01 -4.16490862e-01 -4.02643595e-01
  -5.69748586e-02  3.47478081e-01 -3.43704533e-01  4.14165336e-01
   2.47049208e-01  7.52274904e-02  1.51715873e-01 -1.03322035e-01
   2.05299771e-01 -1.35248734e-01 -9.76795525e-02 -5.58238380e-02
   2.74128282e-01  4.61194100e-01  9.28704412e-02  4.89265510e-01
   1.33393674e-01 -2.37165875e-01  2.11751158e-01  2.26204483e-01
  -1.79845771e-01]
 [ 3.68307854e-01  3.32646851e-01  1.86858123e-01 -1.69432860e-01
  -4.98032052e-01  5.35777857e-02 -1.78480246e-01 -1.08953549e-01
   1.19203894e-01  3.83712000e-01  3.08232245e-01 -7.57304713e-02
   7.82910753e-02 -3.32207039e-01 -7.96926773e-02 -1.74822072e-01
   2.33331522e-02 -3.11593011e-01 -4.95588860e-01  3.20486227e-01
  -3.53695284e-01 -5.44246220e-03  3.43231754e-01  1.84864569e-02
  -4.37129619e-01]
 [ 1.37945540e-01 -3.28854464e-01  1.46420264e-01 -3.71869724e-02
  -4.31275686e-01  2.85487018e-01  3.81122453e-01 -3.94289385e-01
   3.64916340e-01  3.52106042e-01 -4.48049696e-01  2.29354870e-01
   3.17605118e-02 -2.60763144e-01 -1.01097724e-01 -1.04143178e-01
   2.08296343e-01 -3.64136633e-01  2.73451050e-01  3.52058016e-01
  -2.20960089e-01  4.07835452e-01 -4.74619558e-01  4.50999675e-01
   4.38762221e-01]
 [-2.53799067e-01 -3.91600397e-01  2.37589919e-01 -2.30458832e-01
  -3.13406699e-01  1.13282584e-01  1.43628470e-01 -8.58755181e-02
   2.54570947e-01  2.32601288e-01  2.34507200e-01 -2.95381418e-01
  -2.29392979e-01 -4.92410997e-01 -1.18385189e-01 -2.58789346e-02
  -2.95735845e-01 -8.89148091e-02  8.93835908e-02 -2.00336365e-01
   2.04290687e-01 -1.84910937e-01  1.06134346e-01 -1.63896393e-01
  -4.61261077e-01]
 [-4.32682307e-01  2.92075216e-01  6.71636039e-02  8.01241584e-02
  -4.86298287e-01 -1.22172604e-01 -6.66424333e-02 -4.60475802e-01
  -1.67564874e-01 -4.90292834e-01 -4.12614162e-01 -3.86531779e-02
   1.65620633e-02  2.13876404e-01  3.35662424e-01 -3.48310817e-01
   4.57149420e-01 -3.82158085e-01  3.11865448e-01 -3.55460551e-02
   1.91212223e-01 -4.10488193e-01  1.31876090e-01 -1.17685962e-01
  -6.12494554e-02]
 [-2.00854217e-01  2.49255909e-01  4.22646129e-01  6.30176485e-03
  -3.38267163e-01  4.42421433e-01 -3.20895487e-02  2.36692668e-01
   4.73267613e-01 -3.07621924e-01 -4.62224172e-02  1.62908942e-01
   4.92355321e-01 -2.61674180e-01 -4.69900763e-01  4.08940516e-01
  -4.14442685e-01 -4.16187004e-01  2.01757877e-01  3.05745864e-01
   2.41958049e-01  9.70343272e-02 -2.87006312e-01 -4.93060656e-01
  -4.66487676e-01]
 [-2.10163349e-01 -6.66589396e-02  1.05099611e-01  2.08273916e-01
  -3.71228573e-02 -7.78635054e-02  4.44782027e-01  1.04108545e-01
   3.49727280e-01 -3.95820816e-01  2.77032186e-01 -3.36102763e-01
  -3.42127261e-01 -4.55593993e-01 -3.65765734e-01  4.82271414e-01
  -2.29912764e-01  1.64719780e-01  3.92725174e-02 -1.19948819e-01
   3.59562477e-01 -3.92692514e-01  1.22336908e-01 -3.88644747e-01
  -3.08763803e-01]
 [-8.53734374e-02 -1.06856213e-01  3.28971558e-01  4.61694567e-01
   2.78853261e-01 -2.89417285e-01 -4.14416100e-01  3.37504821e-01
  -2.09989270e-01 -4.24824535e-01 -2.24791146e-01  2.62988822e-01
   2.75282815e-01 -3.99206759e-01 -1.12414600e-01  2.09274891e-01
   4.80439796e-02  1.50178610e-01  1.70235252e-01 -4.91726996e-02
  -2.15222812e-01 -6.31732554e-02 -2.20862675e-01 -3.66546592e-02
   4.15897583e-01]
 [ 3.80906086e-01  1.20834822e-01 -3.51703714e-02 -3.10023307e-01
  -4.49976224e-01 -3.89299562e-01  4.62115470e-01 -2.98553111e-02
   3.81361565e-02  1.43331851e-01 -3.70510090e-01 -2.18767030e-01
   2.41889180e-01 -6.66932613e-02 -2.81076569e-01  3.80888948e-01
   3.67308778e-01 -3.74292147e-01 -5.56671640e-02  3.60045139e-01
   4.27506598e-01 -4.24879721e-01 -6.96430919e-02  9.91930378e-02
   3.23761964e-01]
 [-4.05786179e-01 -4.28066193e-01 -2.12123276e-01 -2.70921080e-01
  -3.66758941e-01  7.84148495e-02 -3.41980030e-01 -1.08959987e-02
   1.55025267e-01  4.52490630e-01 -3.02438876e-01  2.66225842e-01
  -1.59766026e-01  3.30199797e-01  4.91623023e-01  2.81062017e-02
   3.04632642e-02 -3.11559573e-01  3.66296475e-01  6.60983913e-02
   4.38538909e-01 -9.74166743e-02 -4.42082483e-01 -2.46695896e-01
   1.70078806e-01]
 [-4.46015475e-01  2.30201255e-01  1.32483489e-01  4.91992684e-01
  -4.99891837e-01 -4.48834806e-01  1.02165510e-01  3.29096860e-01
  -4.34508255e-01 -2.75069730e-01  3.86650921e-01 -4.50004208e-01
   1.32688373e-01  2.92593191e-01 -4.60321084e-01 -4.33429063e-01
   4.70139871e-01  2.15632569e-01 -2.38269538e-01 -4.07909988e-01
   3.43970109e-01 -2.34356940e-01 -8.94579772e-02  1.55744728e-01
   3.19422748e-01]
 [ 4.06738887e-01  4.26102881e-01 -4.00490283e-01 -4.17971878e-01
   2.11300490e-02  4.81416975e-01  2.67962724e-01 -4.86764769e-01
  -1.47842675e-01 -1.36474861e-01  2.01366181e-01  2.98502602e-01
  -6.06919192e-02  3.98244978e-01 -3.18709477e-01  2.67094440e-01
  -4.46394429e-01 -2.49601787e-01 -1.57203073e-01 -2.98400833e-01
  -3.39829823e-01  3.79165402e-01  1.20952667e-01 -4.95894410e-01
  -5.78425671e-02]
 [ 3.30947581e-01 -4.53281976e-01  4.75628928e-01  4.94318631e-01
   3.38996745e-01  4.25479777e-01 -3.97657655e-01 -3.43883031e-02
  -4.49334705e-02  2.19372484e-01  2.80346820e-01  1.70795327e-01
  -2.05998163e-01 -2.55018179e-01 -2.67635360e-01 -2.13733514e-01
   1.62619250e-01  2.36168418e-02 -2.03876893e-02 -1.28999268e-01
  -2.74715681e-02 -3.66383563e-01  3.66169878e-01  2.05060974e-01
   5.36570129e-02]
 [-2.76295391e-01  1.15204917e-01 -2.18256195e-01  1.14264739e-01
  -2.80437633e-01 -4.28231755e-01  3.69896721e-01  6.78313771e-02
   4.12402783e-01 -1.16120053e-01 -2.79065717e-01 -8.07255186e-02
   3.17606693e-01  4.01132764e-02  1.27196277e-01 -5.62775768e-02
   4.79736828e-01 -9.37260037e-02 -2.08694632e-01 -4.41691555e-01
  -5.53475817e-02 -3.07047634e-01  3.87028525e-01  1.24897657e-01
   1.57252702e-01]
 [ 2.62802888e-01 -1.86759960e-01 -3.85034145e-01  5.55376629e-02
  -3.25152446e-01  1.72296259e-01 -4.29716231e-01  4.50378765e-01
   1.51893943e-01  2.24234859e-01  4.50858497e-01 -1.15900664e-01
   3.26530841e-01  4.61240458e-01  4.02996424e-01 -1.12275980e-01
  -2.69247785e-01 -1.69453193e-01  1.54626147e-01 -2.34099498e-01
  -3.32882197e-01 -4.66637099e-01 -5.17665892e-02 -3.47673345e-01
   3.42797816e-01]]
[[ 0.18261067  0.35720954 -0.33294577 -0.19138008  0.27341134  0.14776626
   0.46762109  0.45317089  0.44949663 -0.45600542  0.17875711  0.40799429
   0.27368045  0.11001561 -0.21158578 -0.41834865 -0.03765447  0.05558357]
 [ 0.42308978  0.28190516 -0.43311244  0.19990768 -0.46638364  0.08937641
   0.07050383  0.2361572   0.38329121  0.19163825  0.32800589  0.41631443
   0.256978   -0.42140082 -0.01346004 -0.28664901 -0.21345722 -0.17988125]
 [ 0.41160193  0.47460823  0.18955295 -0.2099937   0.29398176 -0.10922953
  -0.22456789  0.06687965 -0.23766471  0.3349622  -0.1666497  -0.31889221
  -0.25648422 -0.14164127 -0.45827214  0.40059263 -0.02368787  0.31194004]
 [-0.43499826 -0.38485078 -0.38968277  0.27953748 -0.45045616 -0.25500552
  -0.16768078 -0.16849529  0.34488123  0.01347704  0.23015957 -0.25703518
  -0.27793735 -0.36839689 -0.43944777  0.29603143  0.30781752 -0.20565196]
 [ 0.3259235   0.46600459 -0.23419555 -0.14693213 -0.25540579 -0.18726442
   0.32246657 -0.40452013  0.26253497  0.43879226  0.01595613 -0.4532267
   0.40126697 -0.2484175  -0.40836919 -0.38078914  0.29740539 -0.21030669]
 [ 0.16221771 -0.46422986  0.43116858  0.06794818  0.28120887  0.15518052
  -0.05569194 -0.45864973 -0.17390599 -0.15094619  0.08518634  0.34328867
  -0.12704656 -0.45887882 -0.42639111  0.14084595 -0.4213588  -0.14712404]
 [-0.09366822  0.05942775  0.11840844  0.47780405 -0.19709339 -0.05887291
   0.14250173  0.41254814  0.49002371  0.08030084 -0.06276891 -0.18489377
  -0.22508792 -0.11367198  0.40860328  0.39822675  0.46326483  0.44276189]
 [-0.03800402 -0.19271781 -0.31873248  0.32408751 -0.04242584  0.10188943
   0.20234638 -0.44857171 -0.37956469  0.13627867 -0.0236818  -0.00811769
   0.0265219   0.04894438  0.31860244  0.4435293  -0.09793503  0.47598065]
 [-0.47474929 -0.46058346 -0.27347768  0.2718185   0.27436426  0.45096326
   0.19291148 -0.17635533  0.47896429  0.1512518   0.00331207 -0.05428456
  -0.44015818  0.16935689 -0.01397721  0.06775794 -0.23205126  0.21841921]
 [-0.33783108 -0.00121463  0.22199992  0.31132469 -0.41995716  0.47991955
  -0.37500204 -0.41614391 -0.27508398 -0.42983731  0.00099554  0.15277599
   0.34944763 -0.09333584 -0.11699666  0.17989703  0.16830884 -0.4946685 ]
 [ 0.08034112 -0.44730533  0.10352109  0.30147497  0.14291086 -0.03163123
   0.43616547  0.1732068  -0.18163052 -0.37352358 -0.22435014  0.17988388
   0.41381359  0.21228924 -0.09560973  0.01222489  0.18097616 -0.19356875]
 [-0.06239397  0.03906035 -0.47693789  0.30937736  0.07440547 -0.40333172
  -0.08602757  0.24668028  0.30709618 -0.19751356 -0.15115118  0.26646578
   0.30470268  0.36101899  0.09474919  0.07376229 -0.48783135  0.34009991]
 [ 0.49339995 -0.36320636  0.15786128  0.18918765 -0.35314363  0.01025696
  -0.14458932 -0.33096701 -0.26447858  0.49633229 -0.10612417 -0.28107677
  -0.28604229  0.2346471  -0.15991955  0.0635372   0.41874436 -0.23760437]]
[[-2.42259207e-01 -3.43445727e-01 -1.08383912e-01  4.64520156e-01
   3.43889362e-01 -2.18985549e-01  2.18606555e-01 -8.30704632e-02
  -6.03315683e-02  3.32346072e-01  5.69474786e-02  1.53029988e-01
   2.68874241e-02]
 [ 1.38464334e-01  4.46102909e-01  4.42502741e-01 -3.00119809e-01
  -2.60945449e-01  8.78688993e-02 -3.59501528e-01  2.25805236e-01
  -1.31935325e-01  2.88198710e-01 -9.98764581e-02  8.89713805e-02
   2.83136505e-01]
 [ 3.44176156e-01  4.57675406e-01 -1.31437861e-01 -3.60387097e-01
   2.67179865e-01 -7.37145486e-02 -1.28570461e-01 -2.85035751e-01
  -3.55063170e-01 -1.27660253e-01  4.52440426e-02  1.91691116e-01
   4.04471690e-01]
 [-1.76431347e-01  3.08440494e-01  4.68087168e-01  3.34603693e-01
  -1.45476108e-02 -3.60735590e-01 -7.64840029e-02 -2.65429420e-01
  -2.10500689e-01 -6.59047510e-02 -3.46053087e-01  2.81790704e-01
  -1.96706778e-01]
 [ 3.34859678e-01  4.90096781e-01  2.73230013e-01 -4.72239066e-01
  -3.54910603e-01  3.78299980e-02 -4.24008058e-02  8.86290962e-02
   1.15547341e-01  3.25480365e-01 -1.73023741e-01 -3.15299533e-01
   2.22376212e-02]
 [ 4.13710407e-01  3.31935577e-01  1.22559102e-01 -3.18278434e-01
  -4.31403904e-01  2.75673649e-01 -4.32503798e-01  4.45833277e-01
  -3.65395034e-01 -4.40754776e-01 -3.13699882e-01  3.75593209e-01
   4.56262092e-01]
 [ 2.54219181e-01 -4.30454787e-01 -2.94248370e-01  3.05998439e-01
  -3.44921551e-01 -3.99213138e-01  4.51068004e-04  4.01468852e-01
  -1.61099815e-01  5.49309761e-03 -4.64462558e-01  9.95599232e-02
   2.25646408e-02]
 [-1.79611071e-01 -2.82185559e-01 -3.04752000e-01 -2.72697472e-01
  -4.12753279e-01  3.56866139e-01 -1.87928476e-01 -2.26093752e-01
  -1.31153724e-02 -2.17974046e-02 -4.32786835e-01  4.30537268e-01
   1.41009082e-01]]
nnet_tab1 4 
[[-0.1535987   0.04335819 -0.05293997 ...  0.33801755  0.39127556
   0.27093507]
 [-0.25422595  0.4464562   0.22487175 ...  0.4813686  -0.27612509
   0.2973034 ]
 [-0.02645156 -0.01435399  0.45356061 ...  0.39080889  0.29738439
  -0.46032499]
 ...
 [-0.27026802 -0.21307925  0.20610622 ... -0.19318833 -0.26065653
  -0.39055434]
 [ 0.34570709  0.29097289  0.0591849  ... -0.47178979 -0.20371061
  -0.35757222]
 [-0.12419438 -0.01976819  0.08549459 ...  0.006857   -0.02536097
  -0.24309407]]
[[-0.32268041 -0.24140448  0.30367775  0.4052974  -0.23833297 -0.12428044
  -0.36101748  0.02110437 -0.48933973 -0.10243267 -0.06341561 -0.19437591
  -0.03894811  0.21799019 -0.28875076  0.25755315  0.1660205   0.14932131
  -0.01899244 -0.39555568  0.09987249  0.0785814   0.44689588 -0.08548943
   0.40483128]
 [ 0.40793236  0.42439192  0.02643587 -0.39944924  0.05032427 -0.07961805
  -0.18515521 -0.34418865  0.26815237 -0.22359736  0.3461307  -0.10568595
   0.48066715 -0.1985669  -0.08562921  0.10654029  0.26728448 -0.25348123
   0.03262446 -0.00280482  0.32723393 -0.36398838 -0.27919234  0.42472392
   0.022521  ]
 [ 0.14124312  0.16763364  0.45484474 -0.45075501 -0.06448039 -0.46361213
   0.26688584  0.37624275  0.33410911  0.00244485  0.45594694 -0.36297734
   0.04653549 -0.33716135  0.14909709  0.18753083  0.07423135 -0.22951674
  -0.37669324  0.00656865  0.49179848 -0.3086214  -0.04177592 -0.46919961
   0.48512313]
 [ 0.06937542 -0.38541275 -0.11880781 -0.05774912  0.1921716  -0.49045622
   0.05317525  0.29034173  0.07873313  0.43744443  0.26183371  0.48083307
   0.19652386 -0.42152457 -0.20222137 -0.16407953  0.03043323 -0.0426294
   0.1697752   0.34257642 -0.16027582  0.21052528  0.26526094 -0.36432709
  -0.34061563]
 [ 0.47609666 -0.334906   -0.10142512  0.2157625  -0.49498378 -0.47797463
   0.38690901 -0.27847375 -0.00884257 -0.36268285  0.13219756 -0.01255947
   0.08772956  0.37655445  0.13356288  0.1397042   0.01066102 -0.24232496
  -0.21007477 -0.36136208  0.38888902 -0.0415682  -0.18067853 -0.3622254
  -0.49842218]
 [-0.28882774  0.08720101  0.11293429  0.30748094  0.08949328 -0.22105212
  -0.06088184  0.24117332  0.44444172 -0.37872509  0.34867667  0.40253442
  -0.02876846  0.06028141 -0.40902707 -0.11932221 -0.26397356  0.337857
   0.39922746 -0.44954978 -0.29920109 -0.37713451 -0.34107114 -0.37261969
  -0.20843675]
 [-0.20781044  0.08038783  0.00949288 -0.48585212  0.39933442 -0.23511511
  -0.16552583 -0.16185687  0.05035939 -0.15913636 -0.26404417 -0.20403409
  -0.30160913  0.47728312 -0.39474292  0.28926123  0.41485653 -0.45994812
   0.40274824 -0.08642568 -0.38061881 -0.49619984 -0.47047701  0.26081244
   0.15381872]
 [ 0.16310163  0.06673371 -0.05173429 -0.26745852 -0.46824402 -0.17586052
   0.42204999  0.12053657 -0.16009464  0.36641785  0.48163442 -0.4981249
   0.4860291  -0.15521803 -0.10166281  0.37172616  0.05800858 -0.27106458
  -0.32802966 -0.1335977  -0.1002089  -0.16909856 -0.08179594  0.21489483
   0.3516107 ]
 [ 0.2536969  -0.36182561 -0.41791549  0.32653249 -0.25325521  0.22526972
  -0.42424409 -0.30832629  0.17597901 -0.05627268  0.42713938 -0.10709914
   0.26607032 -0.464699   -0.20743176  0.33766507 -0.18632295 -0.37198647
   0.23182529  0.21641463  0.39446132 -0.36795981 -0.38308502  0.17195493
   0.25453456]
 [ 0.16795807 -0.27169108  0.16813733 -0.42590525 -0.46935381  0.286605
   0.19792632 -0.17024417 -0.02952129  0.19822191  0.22028405  0.09170373
   0.21806448 -0.31259992 -0.44592326  0.30846655 -0.48925673  0.21800607
  -0.07882591 -0.41133254 -0.04281288 -0.17012477 -0.26691904 -0.38244101
   0.38418221]
 [-0.01356933 -0.25451538  0.0067255  -0.45676887  0.1508207  -0.40342043
  -0.08475929 -0.38621146 -0.22427759 -0.31710917  0.25347792  0.00669283
   0.28064459  0.42815247 -0.03946789  0.05465753  0.15432089  0.22825098
   0.31973845 -0.39848123  0.01774657 -0.45061991  0.10491447  0.35831987
  -0.07334166]
 [-0.1716087  -0.35680658  0.24053111  0.064694   -0.10458945 -0.25583122
   0.27314161 -0.28731217  0.10827117  0.44612188 -0.23597108  0.03468318
   0.08103537 -0.24690675  0.1192304   0.109406    0.03324683 -0.29262495
   0.16880136  0.20007087 -0.27522795  0.38587034 -0.42492313 -0.44369785
  -0.28326382]
 [-0.05333498  0.08814863  0.03376545  0.44233797  0.40707355  0.10685241
   0.32431087  0.11490527  0.41863582 -0.4891033  -0.49263899 -0.07092974
   0.32843338  0.43296731 -0.21361512 -0.29801371  0.08715334  0.33332002
  -0.13839329  0.00566886 -0.26109206  0.33591643 -0.28954482 -0.05832082
  -0.03236547]
 [ 0.10620998 -0.3995749   0.05410617 -0.13505398  0.21382829 -0.36267109
  -0.46239411  0.20543178 -0.29947489  0.09673477  0.19419734 -0.36479903
   0.35154674  0.10500456 -0.3889868  -0.22906202 -0.11992214 -0.37048557
  -0.26553602  0.09235619  0.22927296 -0.20441893 -0.37537523  0.33668474
   0.32377099]
 [ 0.24836839  0.38381753  0.25014169  0.15604438  0.03801859  0.0721698
  -0.46901511 -0.20818302  0.11664402  0.14341603 -0.12337115 -0.0535866
   0.12638572 -0.29424181  0.08580439 -0.26273078 -0.32506933 -0.37237052
  -0.03259402 -0.37133424 -0.32957542  0.43725631 -0.32760478 -0.3374169
  -0.27105857]
 [ 0.42162013  0.42806349 -0.33926862 -0.18626491 -0.25376448  0.46168238
   0.16816214 -0.39929734  0.32215256 -0.36322735 -0.45414957  0.45831815
   0.42759578 -0.38895047 -0.26583465  0.29606725 -0.3777694   0.24644164
   0.47605265 -0.44490709 -0.18936803 -0.1058892   0.11395592  0.14145632
  -0.47062265]
 [-0.17918525 -0.38751071 -0.39298247 -0.35026655  0.4036415   0.34561277
   0.4234449  -0.17268955 -0.49937749 -0.46398258 -0.21501438 -0.29194063
   0.18961701  0.26781687  0.30381784  0.37391449 -0.09231085  0.26992268
  -0.15889634  0.2969362  -0.28876047  0.27530095  0.33157498  0.11545685
  -0.40389203]
 [ 0.11356677  0.22378937  0.24092722  0.28813313 -0.02680485  0.27441678
   0.27891257 -0.11181155  0.12042249  0.29265956  0.02367539 -0.12073991
   0.22672838 -0.27627882 -0.14440704  0.06509243 -0.336086   -0.23067893
   0.2704598   0.17784139  0.44452094  0.38233487 -0.03705194  0.03481832
   0.0145487 ]]
[[ 0.06306659  0.46627872  0.08193882 -0.40061103 -0.18303215  0.33189966
   0.10076655 -0.00839659 -0.10994087 -0.44722055  0.43387512 -0.34115153
  -0.11752524  0.42875481 -0.08648702  0.05165249  0.36978356  0.29274427]
 [-0.46161206 -0.00834225  0.22775269 -0.26321446  0.22436116 -0.39637952
  -0.16280353  0.44137294 -0.32984295  0.34645634  0.4740799  -0.18088039
   0.36204211 -0.19792577 -0.16814102 -0.19244335 -0.15864423  0.26517714]
 [ 0.21197726  0.19713477 -0.49781874  0.32099011 -0.13774283 -0.41134659
   0.1527994   0.20449474 -0.12910807  0.13106778  0.47843941 -0.21285536
  -0.01590123  0.1640666   0.00107234  0.26547535  0.22004987 -0.24620465]
 [ 0.1226455  -0.13190597 -0.06114639  0.13594706  0.46064238  0.02753171
   0.05032035 -0.0128684   0.01111406  0.29872211 -0.46125431  0.32748627
  -0.03795857 -0.43436063  0.03423841  0.06439674 -0.20648779 -0.1768278 ]
 [ 0.0168434   0.04037612  0.15589725 -0.46444213  0.12834724  0.46468189
  -0.19082482 -0.49944197 -0.457798    0.42024077  0.48563353  0.12914954
  -0.36853906 -0.21929986 -0.48073308 -0.49342797  0.06013191 -0.23237473]
 [ 0.20001483 -0.16319215  0.46992236 -0.05776643  0.0088308   0.41464395
   0.20320083  0.02960381 -0.46607817 -0.46337254  0.08721475  0.09527692
  -0.12951345 -0.15767677 -0.12922462 -0.13516401 -0.03484586 -0.05148921]
 [ 0.03209247  0.24754728 -0.30175185  0.28139623  0.20324005  0.40479788
  -0.2839502  -0.1131859   0.35722616 -0.22776475 -0.28705664 -0.06385671
   0.48986836  0.27155152 -0.11168641  0.05054645 -0.38601673  0.17400463]
 [-0.34689683  0.17259796 -0.48594429  0.44535048 -0.21245989  0.09803336
   0.32829515 -0.02925211 -0.47047684  0.22396552 -0.05227243  0.33836285
   0.4133441  -0.18976668 -0.04359318  0.48584325 -0.29117588 -0.46425296]
 [ 0.21649886  0.13601837 -0.05354143 -0.35660462  0.00126297  0.25362079
   0.15541112 -0.22682272 -0.19979402 -0.47684535  0.10072266 -0.02491583
   0.25927268  0.06214087  0.40409509 -0.4063971   0.48878135 -0.40226529]
 [-0.49940815  0.34220199 -0.15995264 -0.37706824 -0.1366294  -0.05577438
  -0.22137605  0.15701154  0.06997849  0.1479012  -0.04793948 -0.04460391
   0.08291111 -0.20840169  0.03287521  0.10914163 -0.11905566 -0.0595652 ]
 [ 0.45065436 -0.05524818  0.20163939 -0.33411499  0.1949223   0.31387923
  -0.48101121  0.23242881 -0.31890128 -0.12585284  0.23264807  0.10979985
   0.37495722  0.48728055  0.28762819 -0.42819608 -0.17227965  0.37085948]
 [-0.35575284  0.30427512 -0.19719625  0.49980606 -0.38341025  0.04236311
  -0.01063185  0.44535104 -0.11437991  0.2524788   0.42913976 -0.22224227
  -0.47970334 -0.15270751 -0.28728626  0.42940907 -0.39532412 -0.32873643]
 [ 0.04493733 -0.3279142  -0.47164672  0.04331934  0.32298146 -0.28512851
  -0.3327132  -0.34073004 -0.41572853  0.01877102  0.27196862  0.33250014
  -0.14434305 -0.26949845  0.07209758 -0.45037663  0.39977873  0.21245899]]
[[ 0.49137382 -0.03122233 -0.30262277 -0.48261629  0.18352397  0.03655019
  -0.21022667 -0.37099131  0.12760582  0.33909377  0.11090539 -0.21382068
  -0.35786976]
 [-0.31794823 -0.06756841 -0.35499605  0.47293524 -0.3799426  -0.42906704
  -0.31576965  0.26977078  0.25055894  0.01549623 -0.13578158 -0.30301511
  -0.45903633]
 [ 0.32274082  0.00510056  0.4856634   0.35043874 -0.36827407 -0.36741265
  -0.19077255  0.33128924  0.15268006  0.46798701  0.05481359 -0.41820426
   0.06077398]
 [-0.04606322 -0.08563032 -0.19638483  0.23776795 -0.13543914  0.02723149
  -0.07401905 -0.30805956  0.47508606  0.19383732 -0.23565883 -0.29211856
   0.35526555]
 [ 0.33835601  0.27004326 -0.21276822  0.16358122  0.28941622  0.24225574
  -0.03205168  0.38994976 -0.30337366 -0.37355461 -0.02456457 -0.45207822
  -0.33063188]
 [-0.1364197  -0.28647662  0.37488827  0.16237513 -0.46516979  0.47447138
   0.25410502  0.49030083 -0.0629276   0.38781852 -0.33583735 -0.45447277
  -0.46951245]
 [-0.04796257  0.16765017 -0.35611509  0.12402558 -0.39884688  0.21941343
  -0.02794329  0.37172405  0.36464156 -0.01655334  0.21460711 -0.41094686
   0.37541384]
 [-0.05082213 -0.28242243  0.02798104 -0.18659246 -0.14761031 -0.38575315
  -0.45874938  0.11768202  0.45173292 -0.28375989  0.35905601 -0.20197837
  -0.41972109]]
