462518138nnet_tab1 0 
[[-0.28360647  0.09090167 -0.14074263 ...  0.44025404  0.34046784
  -0.49002117]
 [-0.49110514  0.40331618  0.3878229  ... -0.09352259  0.30609138
  -0.3858725 ]
 [-0.16243732 -0.43642296  0.48920742 ...  0.09358343  0.31201692
  -0.29177534]
 ...
 [ 0.13935095  0.39182472  0.44162792 ... -0.29795472 -0.34392404
   0.46160127]
 [ 0.03573756  0.13594698  0.20187622 ...  0.49872986  0.2289889
   0.2469422 ]
 [-0.00424344 -0.10828592 -0.46833967 ...  0.34160109  0.00860772
  -0.191909  ]]
[[ 0.11284006 -0.15172032 -0.27611064 -0.49098258  0.49647716  0.13748232
  -0.20087143  0.22390925 -0.12462781 -0.08413784  0.45390283  0.21166868
   0.10709257  0.14906751  0.08375538  0.02490431  0.37205509  0.03776789
   0.16404886 -0.42140561  0.19163891 -0.49618579 -0.34827942  0.25783456
   0.05465503]
 [ 0.18387987  0.29229968  0.11835114  0.45458241  0.28230351  0.04558427
  -0.00239234  0.38945092  0.01675718 -0.12303191  0.47780074 -0.0809602
  -0.2722514  -0.18554334  0.16996419  0.28627737 -0.48423693  0.47923668
  -0.36802474  0.0739346   0.22814116 -0.4506177   0.45507083  0.17041217
  -0.08317799]
 [-0.39204523  0.02472463  0.36444319 -0.39781297  0.4761452  -0.32411991
   0.24325317 -0.43832042  0.02791305  0.21685522  0.0398094  -0.435558
   0.10182473 -0.1995776   0.39695059 -0.39683775  0.36885381  0.3329382
  -0.19324849  0.04405666 -0.44822002 -0.49300256  0.49702241  0.24568991
   0.21524977]
 [-0.21316886  0.21267618  0.21168621 -0.27647904  0.31569347 -0.25295259
   0.14110011 -0.42333768  0.161098   -0.2411506  -0.29979592  0.16776693
   0.08289022 -0.00887463  0.4512796   0.05180053 -0.06937442 -0.09650936
   0.01959023  0.39070328  0.25654182  0.14547151 -0.2716997  -0.34732649
  -0.24170734]
 [ 0.07979795  0.07818906 -0.02983284 -0.34119748 -0.20892516  0.49041001
   0.47258448  0.12619129 -0.24160559 -0.44514006  0.30294132 -0.19260123
  -0.48536324 -0.26645991 -0.12354604  0.17120148  0.25875971 -0.29321357
   0.22134009  0.21974015  0.4699473   0.38295844 -0.09943767 -0.24891675
   0.4977481 ]
 [ 0.44148831 -0.02076728 -0.45603682 -0.38057071  0.35790063  0.20203126
  -0.04478573 -0.43279488  0.00405182 -0.49651409 -0.09004136  0.26343925
   0.05222433  0.13745966  0.10459267  0.46896392  0.37330831  0.43249362
   0.18318583  0.18032457 -0.30450669 -0.41571063 -0.00278229  0.42344384
   0.02010643]
 [ 0.11737751  0.49133723  0.06384277  0.04832339 -0.46871854 -0.47442874
  -0.4625863   0.29866696  0.31790438  0.18804515  0.38107461 -0.10588597
   0.45999667 -0.16451574  0.26185752 -0.225082   -0.01059436  0.06318649
   0.14857148  0.05297012 -0.47279569 -0.28247613  0.34554408  0.22980958
   0.45143617]
 [ 0.16305523  0.00169721 -0.00127209 -0.49737317  0.14387892 -0.09430269
   0.12886867 -0.02176737 -0.01398539 -0.24005056  0.20575033 -0.20042031
   0.23968805  0.38762542  0.22801359 -0.1715314   0.29822582 -0.04501374
   0.06937924  0.11948606  0.44956603 -0.21503796 -0.48428385 -0.15965182
   0.02386925]
 [-0.15462947  0.14864947  0.37136214 -0.3287916  -0.18231184  0.09337813
   0.47780331 -0.48874994 -0.42057716 -0.37290105 -0.2935028  -0.23312016
  -0.33812685  0.1560047  -0.11866805  0.15737931 -0.1625793   0.08539714
  -0.15111416  0.4792334   0.46898322 -0.01228212 -0.02137209  0.12056891
   0.15606876]
 [-0.03249083  0.38984813 -0.44400582 -0.29896135 -0.2389084  -0.19304828
  -0.46078759 -0.33645007 -0.20000157  0.41276237 -0.41637408 -0.10780835
  -0.46655401  0.3520018  -0.23882717 -0.05228697  0.42058499 -0.20531899
   0.12198716 -0.40334208  0.13079369  0.46372111  0.24959314 -0.33607175
  -0.04074695]
 [ 0.27886429 -0.39305274 -0.45222633  0.30730796  0.15004309  0.29791533
   0.22932776 -0.31438856  0.3559292   0.45872443  0.11053142  0.45091264
   0.19667406 -0.40881483  0.4919721  -0.15920365  0.42363082  0.19220522
   0.3189721  -0.15382362  0.02323016  0.37990892  0.31276516  0.38321532
  -0.3665304 ]
 [-0.31955227  0.1720583   0.03207279 -0.09681718 -0.38201403  0.31440097
   0.48704588  0.39705597 -0.01401023  0.3332268  -0.14882961 -0.30575782
  -0.06566844  0.07433591  0.43887039 -0.2876383  -0.38361799 -0.49226185
   0.26046091 -0.26732399 -0.17317891 -0.08826098  0.47955541  0.05887262
  -0.1944719 ]
 [ 0.03498943 -0.27552459  0.00400205  0.10949239 -0.02601579 -0.02122267
   0.33055957 -0.11149255  0.34623892 -0.41592655 -0.49928842  0.10600806
  -0.09807074  0.19351087  0.1977395   0.38283947  0.09167333  0.32518774
   0.14450808  0.42207464 -0.26044345 -0.4896016   0.30987617 -0.42701874
   0.10759374]
 [ 0.24287325 -0.0839197   0.35623888  0.06827399 -0.2596807  -0.04513371
  -0.47778251  0.37053233 -0.23256956 -0.06055615 -0.19964754  0.18296859
  -0.11478371  0.16802396 -0.36655458 -0.33928903 -0.14478528 -0.09912111
  -0.46920333 -0.33649227 -0.1474034  -0.22887001  0.06194662  0.04298889
   0.33921766]
 [ 0.27497408 -0.41451402 -0.3428468  -0.36040924 -0.03093153  0.42396025
  -0.37338467  0.47566076  0.10984066  0.01845352  0.33383991 -0.12592433
  -0.11107399 -0.1244334  -0.27645827  0.4544797   0.27022549 -0.2316556
   0.19886382  0.20871442 -0.4163632  -0.42874694 -0.27284139  0.37327678
  -0.46088956]
 [-0.11476506  0.12538737  0.11256037  0.43807918  0.43393058 -0.4623413
  -0.02586309  0.38525295 -0.15422698  0.0204058   0.47125796  0.40729417
   0.26868885  0.26763562  0.24157978 -0.1591349  -0.06150237 -0.28414377
  -0.06961863 -0.15630255  0.46668796 -0.00925889  0.05225787  0.30366152
   0.1012887 ]
 [-0.0389585  -0.38326992 -0.09628209 -0.22236533 -0.07691953 -0.36167621
   0.4905068   0.48713328  0.42617232 -0.26784746  0.19051973  0.01908632
   0.01161078  0.03131377 -0.30669012 -0.02303929  0.48489471  0.26468089
  -0.25165478  0.04441666 -0.06508435 -0.30038041 -0.00145072  0.31713268
  -0.33967487]
 [ 0.05962414 -0.14350887 -0.28842228 -0.09819214  0.0680077   0.19637988
   0.14795814 -0.31058718 -0.29357941 -0.20402876 -0.43512856 -0.32641475
   0.15750238 -0.46838454  0.43190144  0.0131614   0.30710335 -0.3888161
  -0.47120471 -0.3592661  -0.40117675 -0.25815927 -0.22606923  0.17914396
   0.24403967]]
[[-0.02329271 -0.34381065 -0.33672249 -0.27922001  0.08368248 -0.14732564
  -0.45657388 -0.31970368 -0.44383611  0.09366172  0.08333349  0.26199982
  -0.42096925 -0.17617215 -0.39906016  0.1596642   0.32863909  0.18284933]
 [-0.19645545 -0.37513801 -0.01755452  0.14593156 -0.4020837   0.06235233
  -0.01094568  0.49897534  0.08501409  0.29367232  0.08912122  0.17394507
   0.04363607  0.279257   -0.3993902   0.20836051  0.14357064 -0.42435425]
 [-0.4241311  -0.11109067  0.37611562  0.35229325 -0.00265296 -0.26932772
   0.36678463 -0.09581681  0.12807983 -0.18164737  0.42896995 -0.10136396
   0.13267329 -0.23516119 -0.21935518 -0.08972924  0.30291933 -0.00930299]
 [-0.18391725 -0.27377763 -0.02867641  0.39862128 -0.15480809 -0.08164804
   0.49319241  0.05855677 -0.43551876 -0.36877518  0.25475858 -0.47620974
  -0.42532583 -0.25312911  0.46025716  0.30052152  0.05856596  0.18973139]
 [ 0.22502097 -0.17659792 -0.16405192 -0.18972851  0.05200867  0.06304995
   0.04787865  0.39400757  0.43372439 -0.26133475 -0.26675266  0.49477862
   0.30962102  0.10959049 -0.31245498 -0.47379261  0.39675956 -0.22948978]
 [ 0.17803167 -0.47696337 -0.16367645 -0.31573669  0.28659838  0.34345641
   0.09056618  0.31425223  0.0584767   0.0909112   0.48565692  0.34409264
  -0.49281055 -0.23450749  0.23637647 -0.16160423  0.27522014 -0.28956359]
 [-0.31054179  0.36615006 -0.27626651 -0.48709647 -0.01136789  0.06276769
   0.10094321 -0.34223864 -0.03919398  0.03309684  0.00636097 -0.31499428
  -0.15583498  0.06082843 -0.11889675  0.38881783 -0.24342476 -0.26497125]
 [ 0.03063356  0.17836979 -0.09490092  0.24163124 -0.4282671   0.25751408
  -0.20318399  0.49516989 -0.0649523  -0.18370214 -0.05329704 -0.21417667
  -0.48943362 -0.27526218  0.37178238 -0.49467541 -0.20763902  0.01952667]
 [ 0.49565335  0.27077391 -0.11141279  0.30299062 -0.21469853 -0.24219945
   0.16434642 -0.08752308 -0.27317662  0.17502259  0.28689272  0.28220458
  -0.21675562  0.23632053 -0.32224553 -0.35054819  0.02673244 -0.25445716]
 [ 0.31704781  0.24395382  0.02102014 -0.0855933   0.11888301 -0.07670797
  -0.4269514  -0.43170295  0.31595966  0.34091141  0.28921621 -0.06383754
   0.40749749 -0.18107076  0.04174944 -0.42386162 -0.38956769  0.03025625]
 [-0.24404424  0.19442237  0.35993016 -0.07494015 -0.28231743  0.49917613
  -0.12190931 -0.101569    0.06264209  0.11912484 -0.15178812  0.49922754
   0.2973036   0.28631172 -0.12466042  0.49096365  0.21130423 -0.13041337]
 [-0.33750586 -0.05647258  0.00945338  0.05568523 -0.40902239  0.10316639
  -0.30350222  0.29173606  0.14314858 -0.17404244 -0.35403452 -0.25538143
   0.05375135 -0.39407647  0.29277418 -0.44586792 -0.27325625  0.0443536 ]
 [-0.41862592 -0.26777112 -0.0407208  -0.33259663  0.11894213  0.38679821
  -0.38205377 -0.04232023 -0.48610553  0.44661673 -0.19626702 -0.48767384
  -0.3612434  -0.17895112 -0.32201203 -0.1358144   0.46067061 -0.08240847]]
[[ 0.00287629 -0.39442059  0.20448091  0.03540192  0.22537459  0.09785974
  -0.21968583  0.39910863 -0.04138601  0.17428228 -0.47332668 -0.35051314
  -0.33954987]
 [ 0.41732512 -0.30445288  0.01079409 -0.08654375  0.4278701   0.43991436
   0.14095757 -0.34863419 -0.06576819  0.19567237  0.3202539   0.4168647
   0.37379564]
 [-0.17544262  0.46928933  0.32162375  0.24087538 -0.05213515 -0.20344267
  -0.40311842 -0.29945168  0.37262185 -0.30209622  0.33621112  0.04730216
   0.3044133 ]
 [ 0.0204998  -0.25166263  0.46194927  0.39301128  0.22491236 -0.07974004
  -0.40206219  0.21755571  0.39780579 -0.43334069 -0.30443614 -0.40240855
   0.14065579]
 [-0.1268117   0.04335657  0.43959454 -0.01008719 -0.04832766  0.18504701
  -0.35309333 -0.47515403  0.0640887   0.18319456  0.17671569  0.4356487
   0.32982884]
 [ 0.26224819  0.21683642  0.45125091  0.47119701  0.12556763 -0.13282391
  -0.25807266  0.33325344 -0.04690045  0.45437047  0.22500189 -0.31474262
  -0.37903235]
 [ 0.25222931 -0.47466411 -0.11487057 -0.29583283 -0.29704906  0.47849035
  -0.49625958 -0.33889296 -0.48953074 -0.07499517 -0.16784182  0.06021526
   0.16291538]
 [-0.18375758 -0.13383515  0.38344621  0.20028716  0.42349616  0.41914439
  -0.33010158 -0.07956682 -0.25735875 -0.4441514   0.31261517  0.16149786
   0.22764191]]


nnet_tab1 1 
[[-0.28360647  0.09090167 -0.14074263 ...  0.44025404  0.34046784
  -0.49002117]
 [-0.49110514  0.40331618  0.3878229  ... -0.09352259  0.30609138
  -0.3858725 ]
 [-0.16243732 -0.43642296  0.48920742 ...  0.09358343  0.31201692
  -0.29177534]
 ...
 [ 0.13935095  0.39182472  0.44162792 ... -0.29795472 -0.34392404
   0.46160127]
 [ 0.03573756  0.13594698  0.20187622 ...  0.49872986  0.2289889
   0.2469422 ]
 [-0.00424344 -0.10828592 -0.46833967 ...  0.34160109  0.00860772
  -0.191909  ]]
[[ 0.11284006 -0.15172032 -0.27611064 -0.49098258  0.49647716  0.13748232
  -0.20087143  0.22390925 -0.12462781 -0.08413784  0.45390283  0.21166868
   0.10709257  0.14906751  0.08375538  0.02490431  0.37205509  0.03776789
   0.16404886 -0.42140561  0.19163891 -0.49618579 -0.34827942  0.25783456
   0.05465503]
 [ 0.18387987  0.29229968  0.11835114  0.45458241  0.28230351  0.04558427
  -0.00239234  0.38945092  0.01675718 -0.12303191  0.47780074 -0.0809602
  -0.2722514  -0.18554334  0.16996419  0.28627737 -0.48423693  0.47923668
  -0.36802474  0.0739346   0.22814116 -0.4506177   0.45507083  0.17041217
  -0.08317799]
 [-0.39204523  0.02472463  0.36444319 -0.39781297  0.4761452  -0.32411991
   0.24325317 -0.43832042  0.02791305  0.21685522  0.0398094  -0.435558
   0.10182473 -0.1995776   0.39695059 -0.39683775  0.36885381  0.3329382
  -0.19324849  0.04405666 -0.44822002 -0.49300256  0.49702241  0.24568991
   0.21524977]
 [-0.21316886  0.21267618  0.21168621 -0.27647904  0.31569347 -0.25295259
   0.14110011 -0.42333768  0.161098   -0.2411506  -0.29979592  0.16776693
   0.08289022 -0.00887463  0.4512796   0.05180053 -0.06937442 -0.09650936
   0.01959023  0.39070328  0.25654182  0.14547151 -0.2716997  -0.34732649
  -0.24170734]
 [ 0.07979795  0.07818906 -0.02983284 -0.34119748 -0.20892516  0.49041001
   0.47258448  0.12619129 -0.24160559 -0.44514006  0.30294132 -0.19260123
  -0.48536324 -0.26645991 -0.12354604  0.17120148  0.25875971 -0.29321357
   0.22134009  0.21974015  0.4699473   0.38295844 -0.09943767 -0.24891675
   0.4977481 ]
 [ 0.44148831 -0.02076728 -0.45603682 -0.38057071  0.35790063  0.20203126
  -0.04478573 -0.43279488  0.00405182 -0.49651409 -0.09004136  0.26343925
   0.05222433  0.13745966  0.10459267  0.46896392  0.37330831  0.43249362
   0.18318583  0.18032457 -0.30450669 -0.41571063 -0.00278229  0.42344384
   0.02010643]
 [ 0.11737751  0.49133723  0.06384277  0.04832339 -0.46871854 -0.47442874
  -0.4625863   0.29866696  0.31790438  0.18804515  0.38107461 -0.10588597
   0.45999667 -0.16451574  0.26185752 -0.225082   -0.01059436  0.06318649
   0.14857148  0.05297012 -0.47279569 -0.28247613  0.34554408  0.22980958
   0.45143617]
 [ 0.16305523  0.00169721 -0.00127209 -0.49737317  0.14387892 -0.09430269
   0.12886867 -0.02176737 -0.01398539 -0.24005056  0.20575033 -0.20042031
   0.23968805  0.38762542  0.22801359 -0.1715314   0.29822582 -0.04501374
   0.06937924  0.11948606  0.44956603 -0.21503796 -0.48428385 -0.15965182
   0.02386925]
 [-0.15462947  0.14864947  0.37136214 -0.3287916  -0.18231184  0.09337813
   0.47780331 -0.48874994 -0.42057716 -0.37290105 -0.2935028  -0.23312016
  -0.33812685  0.1560047  -0.11866805  0.15737931 -0.1625793   0.08539714
  -0.15111416  0.4792334   0.46898322 -0.01228212 -0.02137209  0.12056891
   0.15606876]
 [-0.03249083  0.38984813 -0.44400582 -0.29896135 -0.2389084  -0.19304828
  -0.46078759 -0.33645007 -0.20000157  0.41276237 -0.41637408 -0.10780835
  -0.46655401  0.3520018  -0.23882717 -0.05228697  0.42058499 -0.20531899
   0.12198716 -0.40334208  0.13079369  0.46372111  0.24959314 -0.33607175
  -0.04074695]
 [ 0.27886429 -0.39305274 -0.45222633  0.30730796  0.15004309  0.29791533
   0.22932776 -0.31438856  0.3559292   0.45872443  0.11053142  0.45091264
   0.19667406 -0.40881483  0.4919721  -0.15920365  0.42363082  0.19220522
   0.3189721  -0.15382362  0.02323016  0.37990892  0.31276516  0.38321532
  -0.3665304 ]
 [-0.31955227  0.1720583   0.03207279 -0.09681718 -0.38201403  0.31440097
   0.48704588  0.39705597 -0.01401023  0.3332268  -0.14882961 -0.30575782
  -0.06566844  0.07433591  0.43887039 -0.2876383  -0.38361799 -0.49226185
   0.26046091 -0.26732399 -0.17317891 -0.08826098  0.47955541  0.05887262
  -0.1944719 ]
 [ 0.03498943 -0.27552459  0.00400205  0.10949239 -0.02601579 -0.02122267
   0.33055957 -0.11149255  0.34623892 -0.41592655 -0.49928842  0.10600806
  -0.09807074  0.19351087  0.1977395   0.38283947  0.09167333  0.32518774
   0.14450808  0.42207464 -0.26044345 -0.4896016   0.30987617 -0.42701874
   0.10759374]
 [ 0.24287325 -0.0839197   0.35623888  0.06827399 -0.2596807  -0.04513371
  -0.47778251  0.37053233 -0.23256956 -0.06055615 -0.19964754  0.18296859
  -0.11478371  0.16802396 -0.36655458 -0.33928903 -0.14478528 -0.09912111
  -0.46920333 -0.33649227 -0.1474034  -0.22887001  0.06194662  0.04298889
   0.33921766]
 [ 0.27497408 -0.41451402 -0.3428468  -0.36040924 -0.03093153  0.42396025
  -0.37338467  0.47566076  0.10984066  0.01845352  0.33383991 -0.12592433
  -0.11107399 -0.1244334  -0.27645827  0.4544797   0.27022549 -0.2316556
   0.19886382  0.20871442 -0.4163632  -0.42874694 -0.27284139  0.37327678
  -0.46088956]
 [-0.11476506  0.12538737  0.11256037  0.43807918  0.43393058 -0.4623413
  -0.02586309  0.38525295 -0.15422698  0.0204058   0.47125796  0.40729417
   0.26868885  0.26763562  0.24157978 -0.1591349  -0.06150237 -0.28414377
  -0.06961863 -0.15630255  0.46668796 -0.00925889  0.05225787  0.30366152
   0.1012887 ]
 [-0.0389585  -0.38326992 -0.09628209 -0.22236533 -0.07691953 -0.36167621
   0.4905068   0.48713328  0.42617232 -0.26784746  0.19051973  0.01908632
   0.01161078  0.03131377 -0.30669012 -0.02303929  0.48489471  0.26468089
  -0.25165478  0.04441666 -0.06508435 -0.30038041 -0.00145072  0.31713268
  -0.33967487]
 [ 0.05962414 -0.14350887 -0.28842228 -0.09819214  0.0680077   0.19637988
   0.14795814 -0.31058718 -0.29357941 -0.20402876 -0.43512856 -0.32641475
   0.15750238 -0.46838454  0.43190144  0.0131614   0.30710335 -0.3888161
  -0.47120471 -0.3592661  -0.40117675 -0.25815927 -0.22606923  0.17914396
   0.24403967]]
[[-0.02329271 -0.34381065 -0.33672249 -0.27922001  0.08368248 -0.14732564
  -0.45657388 -0.31970368 -0.44383611  0.09366172  0.08333349  0.26199982
  -0.42096925 -0.17617215 -0.39906016  0.1596642   0.32863909  0.18284933]
 [-0.19645545 -0.37513801 -0.01755452  0.14593156 -0.4020837   0.06235233
  -0.01094568  0.49897534  0.08501409  0.29367232  0.08912122  0.17394507
   0.04363607  0.279257   -0.3993902   0.20836051  0.14357064 -0.42435425]
 [-0.4241311  -0.11109067  0.37611562  0.35229325 -0.00265296 -0.26932772
   0.36678463 -0.09581681  0.12807983 -0.18164737  0.42896995 -0.10136396
   0.13267329 -0.23516119 -0.21935518 -0.08972924  0.30291933 -0.00930299]
 [-0.18391725 -0.27377763 -0.02867641  0.39862128 -0.15480809 -0.08164804
   0.49319241  0.05855677 -0.43551876 -0.36877518  0.25475858 -0.47620974
  -0.42532583 -0.25312911  0.46025716  0.30052152  0.05856596  0.18973139]
 [ 0.22502097 -0.17659792 -0.16405192 -0.18972851  0.05200867  0.06304995
   0.04787865  0.39400757  0.43372439 -0.26133475 -0.26675266  0.49477862
   0.30962102  0.10959049 -0.31245498 -0.47379261  0.39675956 -0.22948978]
 [ 0.17803167 -0.47696337 -0.16367645 -0.31573669  0.28659838  0.34345641
   0.09056618  0.31425223  0.0584767   0.0909112   0.48565692  0.34409264
  -0.49281055 -0.23450749  0.23637647 -0.16160423  0.27522014 -0.28956359]
 [-0.31054179  0.36615006 -0.27626651 -0.48709647 -0.01136789  0.06276769
   0.10094321 -0.34223864 -0.03919398  0.03309684  0.00636097 -0.31499428
  -0.15583498  0.06082843 -0.11889675  0.38881783 -0.24342476 -0.26497125]
 [ 0.03063356  0.17836979 -0.09490092  0.24163124 -0.4282671   0.25751408
  -0.20318399  0.49516989 -0.0649523  -0.18370214 -0.05329704 -0.21417667
  -0.48943362 -0.27526218  0.37178238 -0.49467541 -0.20763902  0.01952667]
 [ 0.49565335  0.27077391 -0.11141279  0.30299062 -0.21469853 -0.24219945
   0.16434642 -0.08752308 -0.27317662  0.17502259  0.28689272  0.28220458
  -0.21675562  0.23632053 -0.32224553 -0.35054819  0.02673244 -0.25445716]
 [ 0.31704781  0.24395382  0.02102014 -0.0855933   0.11888301 -0.07670797
  -0.4269514  -0.43170295  0.31595966  0.34091141  0.28921621 -0.06383754
   0.40749749 -0.18107076  0.04174944 -0.42386162 -0.38956769  0.03025625]
 [-0.24404424  0.19442237  0.35993016 -0.07494015 -0.28231743  0.49917613
  -0.12190931 -0.101569    0.06264209  0.11912484 -0.15178812  0.49922754
   0.2973036   0.28631172 -0.12466042  0.49096365  0.21130423 -0.13041337]
 [-0.33750586 -0.05647258  0.00945338  0.05568523 -0.40902239  0.10316639
  -0.30350222  0.29173606  0.14314858 -0.17404244 -0.35403452 -0.25538143
   0.05375135 -0.39407647  0.29277418 -0.44586792 -0.27325625  0.0443536 ]
 [-0.41862592 -0.26777112 -0.0407208  -0.33259663  0.11894213  0.38679821
  -0.38205377 -0.04232023 -0.48610553  0.44661673 -0.19626702 -0.48767384
  -0.3612434  -0.17895112 -0.32201203 -0.1358144   0.46067061 -0.08240847]]
[[ 0.00287629 -0.39442059  0.20448091  0.03540192  0.22537459  0.09785974
  -0.21968583  0.39910863 -0.04138601  0.17428228 -0.47332668 -0.35051314
  -0.33954987]
 [ 0.41732512 -0.30445288  0.01079409 -0.08654375  0.4278701   0.43991436
   0.14095757 -0.34863419 -0.06576819  0.19567237  0.3202539   0.4168647
   0.37379564]
 [-0.17544262  0.46928933  0.32162375  0.24087538 -0.05213515 -0.20344267
  -0.40311842 -0.29945168  0.37262185 -0.30209622  0.33621112  0.04730216
   0.3044133 ]
 [ 0.0204998  -0.25166263  0.46194927  0.39301128  0.22491236 -0.07974004
  -0.40206219  0.21755571  0.39780579 -0.43334069 -0.30443614 -0.40240855
   0.14065579]
 [-0.1268117   0.04335657  0.43959454 -0.01008719 -0.04832766  0.18504701
  -0.35309333 -0.47515403  0.0640887   0.18319456  0.17671569  0.4356487
   0.32982884]
 [ 0.26224819  0.21683642  0.45125091  0.47119701  0.12556763 -0.13282391
  -0.25807266  0.33325344 -0.04690045  0.45437047  0.22500189 -0.31474262
  -0.37903235]
 [ 0.25222931 -0.47466411 -0.11487057 -0.29583283 -0.29704906  0.47849035
  -0.49625958 -0.33889296 -0.48953074 -0.07499517 -0.16784182  0.06021526
   0.16291538]
 [-0.18375758 -0.13383515  0.38344621  0.20028716  0.42349616  0.41914439
  -0.33010158 -0.07956682 -0.25735875 -0.4441514   0.31261517  0.16149786
   0.22764191]]


nnet_tab1 2 
[[-0.28360647  0.09090167 -0.14074263 ...  0.44025404  0.34046784
  -0.49002117]
 [-0.49110514  0.40331618  0.3878229  ... -0.09352259  0.30609138
  -0.3858725 ]
 [-0.16243732 -0.43642296  0.48920742 ...  0.09358343  0.31201692
  -0.29177534]
 ...
 [ 0.13935095  0.39182472  0.44162792 ... -0.29795472 -0.34392404
   0.46160127]
 [ 0.03573756  0.13594698  0.20187622 ...  0.49872986  0.2289889
   0.2469422 ]
 [-0.00424344 -0.10828592 -0.46833967 ...  0.34160109  0.00860772
  -0.191909  ]]
[[ 0.11284006 -0.15172032 -0.27611064 -0.49098258  0.49647716  0.13748232
  -0.20087143  0.22390925 -0.12462781 -0.08413784  0.45390283  0.21166868
   0.10709257  0.14906751  0.08375538  0.02490431  0.37205509  0.03776789
   0.16404886 -0.42140561  0.19163891 -0.49618579 -0.34827942  0.25783456
   0.05465503]
 [ 0.18387987  0.29229968  0.11835114  0.45458241  0.28230351  0.04558427
  -0.00239234  0.38945092  0.01675718 -0.12303191  0.47780074 -0.0809602
  -0.2722514  -0.18554334  0.16996419  0.28627737 -0.48423693  0.47923668
  -0.36802474  0.0739346   0.22814116 -0.4506177   0.45507083  0.17041217
  -0.08317799]
 [-0.39204523  0.02472463  0.36444319 -0.39781297  0.4761452  -0.32411991
   0.24325317 -0.43832042  0.02791305  0.21685522  0.0398094  -0.435558
   0.10182473 -0.1995776   0.39695059 -0.39683775  0.36885381  0.3329382
  -0.19324849  0.04405666 -0.44822002 -0.49300256  0.49702241  0.24568991
   0.21524977]
 [-0.21316886  0.21267618  0.21168621 -0.27647904  0.31569347 -0.25295259
   0.14110011 -0.42333768  0.161098   -0.2411506  -0.29979592  0.16776693
   0.08289022 -0.00887463  0.4512796   0.05180053 -0.06937442 -0.09650936
   0.01959023  0.39070328  0.25654182  0.14547151 -0.2716997  -0.34732649
  -0.24170734]
 [ 0.07979795  0.07818906 -0.02983284 -0.34119748 -0.20892516  0.49041001
   0.47258448  0.12619129 -0.24160559 -0.44514006  0.30294132 -0.19260123
  -0.48536324 -0.26645991 -0.12354604  0.17120148  0.25875971 -0.29321357
   0.22134009  0.21974015  0.4699473   0.38295844 -0.09943767 -0.24891675
   0.4977481 ]
 [ 0.44148831 -0.02076728 -0.45603682 -0.38057071  0.35790063  0.20203126
  -0.04478573 -0.43279488  0.00405182 -0.49651409 -0.09004136  0.26343925
   0.05222433  0.13745966  0.10459267  0.46896392  0.37330831  0.43249362
   0.18318583  0.18032457 -0.30450669 -0.41571063 -0.00278229  0.42344384
   0.02010643]
 [ 0.11737751  0.49133723  0.06384277  0.04832339 -0.46871854 -0.47442874
  -0.4625863   0.29866696  0.31790438  0.18804515  0.38107461 -0.10588597
   0.45999667 -0.16451574  0.26185752 -0.225082   -0.01059436  0.06318649
   0.14857148  0.05297012 -0.47279569 -0.28247613  0.34554408  0.22980958
   0.45143617]
 [ 0.16305523  0.00169721 -0.00127209 -0.49737317  0.14387892 -0.09430269
   0.12886867 -0.02176737 -0.01398539 -0.24005056  0.20575033 -0.20042031
   0.23968805  0.38762542  0.22801359 -0.1715314   0.29822582 -0.04501374
   0.06937924  0.11948606  0.44956603 -0.21503796 -0.48428385 -0.15965182
   0.02386925]
 [-0.15462947  0.14864947  0.37136214 -0.3287916  -0.18231184  0.09337813
   0.47780331 -0.48874994 -0.42057716 -0.37290105 -0.2935028  -0.23312016
  -0.33812685  0.1560047  -0.11866805  0.15737931 -0.1625793   0.08539714
  -0.15111416  0.4792334   0.46898322 -0.01228212 -0.02137209  0.12056891
   0.15606876]
 [-0.03249083  0.38984813 -0.44400582 -0.29896135 -0.2389084  -0.19304828
  -0.46078759 -0.33645007 -0.20000157  0.41276237 -0.41637408 -0.10780835
  -0.46655401  0.3520018  -0.23882717 -0.05228697  0.42058499 -0.20531899
   0.12198716 -0.40334208  0.13079369  0.46372111  0.24959314 -0.33607175
  -0.04074695]
 [ 0.27886429 -0.39305274 -0.45222633  0.30730796  0.15004309  0.29791533
   0.22932776 -0.31438856  0.3559292   0.45872443  0.11053142  0.45091264
   0.19667406 -0.40881483  0.4919721  -0.15920365  0.42363082  0.19220522
   0.3189721  -0.15382362  0.02323016  0.37990892  0.31276516  0.38321532
  -0.3665304 ]
 [-0.31955227  0.1720583   0.03207279 -0.09681718 -0.38201403  0.31440097
   0.48704588  0.39705597 -0.01401023  0.3332268  -0.14882961 -0.30575782
  -0.06566844  0.07433591  0.43887039 -0.2876383  -0.38361799 -0.49226185
   0.26046091 -0.26732399 -0.17317891 -0.08826098  0.47955541  0.05887262
  -0.1944719 ]
 [ 0.03498943 -0.27552459  0.00400205  0.10949239 -0.02601579 -0.02122267
   0.33055957 -0.11149255  0.34623892 -0.41592655 -0.49928842  0.10600806
  -0.09807074  0.19351087  0.1977395   0.38283947  0.09167333  0.32518774
   0.14450808  0.42207464 -0.26044345 -0.4896016   0.30987617 -0.42701874
   0.10759374]
 [ 0.24287325 -0.0839197   0.35623888  0.06827399 -0.2596807  -0.04513371
  -0.47778251  0.37053233 -0.23256956 -0.06055615 -0.19964754  0.18296859
  -0.11478371  0.16802396 -0.36655458 -0.33928903 -0.14478528 -0.09912111
  -0.46920333 -0.33649227 -0.1474034  -0.22887001  0.06194662  0.04298889
   0.33921766]
 [ 0.27497408 -0.41451402 -0.3428468  -0.36040924 -0.03093153  0.42396025
  -0.37338467  0.47566076  0.10984066  0.01845352  0.33383991 -0.12592433
  -0.11107399 -0.1244334  -0.27645827  0.4544797   0.27022549 -0.2316556
   0.19886382  0.20871442 -0.4163632  -0.42874694 -0.27284139  0.37327678
  -0.46088956]
 [-0.11476506  0.12538737  0.11256037  0.43807918  0.43393058 -0.4623413
  -0.02586309  0.38525295 -0.15422698  0.0204058   0.47125796  0.40729417
   0.26868885  0.26763562  0.24157978 -0.1591349  -0.06150237 -0.28414377
  -0.06961863 -0.15630255  0.46668796 -0.00925889  0.05225787  0.30366152
   0.1012887 ]
 [-0.0389585  -0.38326992 -0.09628209 -0.22236533 -0.07691953 -0.36167621
   0.4905068   0.48713328  0.42617232 -0.26784746  0.19051973  0.01908632
   0.01161078  0.03131377 -0.30669012 -0.02303929  0.48489471  0.26468089
  -0.25165478  0.04441666 -0.06508435 -0.30038041 -0.00145072  0.31713268
  -0.33967487]
 [ 0.05962414 -0.14350887 -0.28842228 -0.09819214  0.0680077   0.19637988
   0.14795814 -0.31058718 -0.29357941 -0.20402876 -0.43512856 -0.32641475
   0.15750238 -0.46838454  0.43190144  0.0131614   0.30710335 -0.3888161
  -0.47120471 -0.3592661  -0.40117675 -0.25815927 -0.22606923  0.17914396
   0.24403967]]
[[-0.02329271 -0.34381065 -0.33672249 -0.27922001  0.08368248 -0.14732564
  -0.45657388 -0.31970368 -0.44383611  0.09366172  0.08333349  0.26199982
  -0.42096925 -0.17617215 -0.39906016  0.1596642   0.32863909  0.18284933]
 [-0.19645545 -0.37513801 -0.01755452  0.14593156 -0.4020837   0.06235233
  -0.01094568  0.49897534  0.08501409  0.29367232  0.08912122  0.17394507
   0.04363607  0.279257   -0.3993902   0.20836051  0.14357064 -0.42435425]
 [-0.4241311  -0.11109067  0.37611562  0.35229325 -0.00265296 -0.26932772
   0.36678463 -0.09581681  0.12807983 -0.18164737  0.42896995 -0.10136396
   0.13267329 -0.23516119 -0.21935518 -0.08972924  0.30291933 -0.00930299]
 [-0.18391725 -0.27377763 -0.02867641  0.39862128 -0.15480809 -0.08164804
   0.49319241  0.05855677 -0.43551876 -0.36877518  0.25475858 -0.47620974
  -0.42532583 -0.25312911  0.46025716  0.30052152  0.05856596  0.18973139]
 [ 0.22502097 -0.17659792 -0.16405192 -0.18972851  0.05200867  0.06304995
   0.04787865  0.39400757  0.43372439 -0.26133475 -0.26675266  0.49477862
   0.30962102  0.10959049 -0.31245498 -0.47379261  0.39675956 -0.22948978]
 [ 0.17803167 -0.47696337 -0.16367645 -0.31573669  0.28659838  0.34345641
   0.09056618  0.31425223  0.0584767   0.0909112   0.48565692  0.34409264
  -0.49281055 -0.23450749  0.23637647 -0.16160423  0.27522014 -0.28956359]
 [-0.31054179  0.36615006 -0.27626651 -0.48709647 -0.01136789  0.06276769
   0.10094321 -0.34223864 -0.03919398  0.03309684  0.00636097 -0.31499428
  -0.15583498  0.06082843 -0.11889675  0.38881783 -0.24342476 -0.26497125]
 [ 0.03063356  0.17836979 -0.09490092  0.24163124 -0.4282671   0.25751408
  -0.20318399  0.49516989 -0.0649523  -0.18370214 -0.05329704 -0.21417667
  -0.48943362 -0.27526218  0.37178238 -0.49467541 -0.20763902  0.01952667]
 [ 0.49565335  0.27077391 -0.11141279  0.30299062 -0.21469853 -0.24219945
   0.16434642 -0.08752308 -0.27317662  0.17502259  0.28689272  0.28220458
  -0.21675562  0.23632053 -0.32224553 -0.35054819  0.02673244 -0.25445716]
 [ 0.31704781  0.24395382  0.02102014 -0.0855933   0.11888301 -0.07670797
  -0.4269514  -0.43170295  0.31595966  0.34091141  0.28921621 -0.06383754
   0.40749749 -0.18107076  0.04174944 -0.42386162 -0.38956769  0.03025625]
 [-0.24404424  0.19442237  0.35993016 -0.07494015 -0.28231743  0.49917613
  -0.12190931 -0.101569    0.06264209  0.11912484 -0.15178812  0.49922754
   0.2973036   0.28631172 -0.12466042  0.49096365  0.21130423 -0.13041337]
 [-0.33750586 -0.05647258  0.00945338  0.05568523 -0.40902239  0.10316639
  -0.30350222  0.29173606  0.14314858 -0.17404244 -0.35403452 -0.25538143
   0.05375135 -0.39407647  0.29277418 -0.44586792 -0.27325625  0.0443536 ]
 [-0.41862592 -0.26777112 -0.0407208  -0.33259663  0.11894213  0.38679821
  -0.38205377 -0.04232023 -0.48610553  0.44661673 -0.19626702 -0.48767384
  -0.3612434  -0.17895112 -0.32201203 -0.1358144   0.46067061 -0.08240847]]
[[ 0.00287629 -0.39442059  0.20448091  0.03540192  0.22537459  0.09785974
  -0.21968583  0.39910863 -0.04138601  0.17428228 -0.47332668 -0.35051314
  -0.33954987]
 [ 0.41732512 -0.30445288  0.01079409 -0.08654375  0.4278701   0.43991436
   0.14095757 -0.34863419 -0.06576819  0.19567237  0.3202539   0.4168647
   0.37379564]
 [-0.17544262  0.46928933  0.32162375  0.24087538 -0.05213515 -0.20344267
  -0.40311842 -0.29945168  0.37262185 -0.30209622  0.33621112  0.04730216
   0.3044133 ]
 [ 0.0204998  -0.25166263  0.46194927  0.39301128  0.22491236 -0.07974004
  -0.40206219  0.21755571  0.39780579 -0.43334069 -0.30443614 -0.40240855
   0.14065579]
 [-0.1268117   0.04335657  0.43959454 -0.01008719 -0.04832766  0.18504701
  -0.35309333 -0.47515403  0.0640887   0.18319456  0.17671569  0.4356487
   0.32982884]
 [ 0.26224819  0.21683642  0.45125091  0.47119701  0.12556763 -0.13282391
  -0.25807266  0.33325344 -0.04690045  0.45437047  0.22500189 -0.31474262
  -0.37903235]
 [ 0.25222931 -0.47466411 -0.11487057 -0.29583283 -0.29704906  0.47849035
  -0.49625958 -0.33889296 -0.48953074 -0.07499517 -0.16784182  0.06021526
   0.16291538]
 [-0.18375758 -0.13383515  0.38344621  0.20028716  0.42349616  0.41914439
  -0.33010158 -0.07956682 -0.25735875 -0.4441514   0.31261517  0.16149786
   0.22764191]]


nnet_tab1 3 
[[-0.28360647  0.09090167 -0.14074263 ...  0.44025404  0.34046784
  -0.49002117]
 [-0.49110514  0.40331618  0.3878229  ... -0.09352259  0.30609138
  -0.3858725 ]
 [-0.16243732 -0.43642296  0.48920742 ...  0.09358343  0.31201692
  -0.29177534]
 ...
 [ 0.13935095  0.39182472  0.44162792 ... -0.29795472 -0.34392404
   0.46160127]
 [ 0.03573756  0.13594698  0.20187622 ...  0.49872986  0.2289889
   0.2469422 ]
 [-0.00424344 -0.10828592 -0.46833967 ...  0.34160109  0.00860772
  -0.191909  ]]
[[ 0.11284006 -0.15172032 -0.27611064 -0.49098258  0.49647716  0.13748232
  -0.20087143  0.22390925 -0.12462781 -0.08413784  0.45390283  0.21166868
   0.10709257  0.14906751  0.08375538  0.02490431  0.37205509  0.03776789
   0.16404886 -0.42140561  0.19163891 -0.49618579 -0.34827942  0.25783456
   0.05465503]
 [ 0.18387987  0.29229968  0.11835114  0.45458241  0.28230351  0.04558427
  -0.00239234  0.38945092  0.01675718 -0.12303191  0.47780074 -0.0809602
  -0.2722514  -0.18554334  0.16996419  0.28627737 -0.48423693  0.47923668
  -0.36802474  0.0739346   0.22814116 -0.4506177   0.45507083  0.17041217
  -0.08317799]
 [-0.39204523  0.02472463  0.36444319 -0.39781297  0.4761452  -0.32411991
   0.24325317 -0.43832042  0.02791305  0.21685522  0.0398094  -0.435558
   0.10182473 -0.1995776   0.39695059 -0.39683775  0.36885381  0.3329382
  -0.19324849  0.04405666 -0.44822002 -0.49300256  0.49702241  0.24568991
   0.21524977]
 [-0.21316886  0.21267618  0.21168621 -0.27647904  0.31569347 -0.25295259
   0.14110011 -0.42333768  0.161098   -0.2411506  -0.29979592  0.16776693
   0.08289022 -0.00887463  0.4512796   0.05180053 -0.06937442 -0.09650936
   0.01959023  0.39070328  0.25654182  0.14547151 -0.2716997  -0.34732649
  -0.24170734]
 [ 0.07979795  0.07818906 -0.02983284 -0.34119748 -0.20892516  0.49041001
   0.47258448  0.12619129 -0.24160559 -0.44514006  0.30294132 -0.19260123
  -0.48536324 -0.26645991 -0.12354604  0.17120148  0.25875971 -0.29321357
   0.22134009  0.21974015  0.4699473   0.38295844 -0.09943767 -0.24891675
   0.4977481 ]
 [ 0.44148831 -0.02076728 -0.45603682 -0.38057071  0.35790063  0.20203126
  -0.04478573 -0.43279488  0.00405182 -0.49651409 -0.09004136  0.26343925
   0.05222433  0.13745966  0.10459267  0.46896392  0.37330831  0.43249362
   0.18318583  0.18032457 -0.30450669 -0.41571063 -0.00278229  0.42344384
   0.02010643]
 [ 0.11737751  0.49133723  0.06384277  0.04832339 -0.46871854 -0.47442874
  -0.4625863   0.29866696  0.31790438  0.18804515  0.38107461 -0.10588597
   0.45999667 -0.16451574  0.26185752 -0.225082   -0.01059436  0.06318649
   0.14857148  0.05297012 -0.47279569 -0.28247613  0.34554408  0.22980958
   0.45143617]
 [ 0.16305523  0.00169721 -0.00127209 -0.49737317  0.14387892 -0.09430269
   0.12886867 -0.02176737 -0.01398539 -0.24005056  0.20575033 -0.20042031
   0.23968805  0.38762542  0.22801359 -0.1715314   0.29822582 -0.04501374
   0.06937924  0.11948606  0.44956603 -0.21503796 -0.48428385 -0.15965182
   0.02386925]
 [-0.15462947  0.14864947  0.37136214 -0.3287916  -0.18231184  0.09337813
   0.47780331 -0.48874994 -0.42057716 -0.37290105 -0.2935028  -0.23312016
  -0.33812685  0.1560047  -0.11866805  0.15737931 -0.1625793   0.08539714
  -0.15111416  0.4792334   0.46898322 -0.01228212 -0.02137209  0.12056891
   0.15606876]
 [-0.03249083  0.38984813 -0.44400582 -0.29896135 -0.2389084  -0.19304828
  -0.46078759 -0.33645007 -0.20000157  0.41276237 -0.41637408 -0.10780835
  -0.46655401  0.3520018  -0.23882717 -0.05228697  0.42058499 -0.20531899
   0.12198716 -0.40334208  0.13079369  0.46372111  0.24959314 -0.33607175
  -0.04074695]
 [ 0.27886429 -0.39305274 -0.45222633  0.30730796  0.15004309  0.29791533
   0.22932776 -0.31438856  0.3559292   0.45872443  0.11053142  0.45091264
   0.19667406 -0.40881483  0.4919721  -0.15920365  0.42363082  0.19220522
   0.3189721  -0.15382362  0.02323016  0.37990892  0.31276516  0.38321532
  -0.3665304 ]
 [-0.31955227  0.1720583   0.03207279 -0.09681718 -0.38201403  0.31440097
   0.48704588  0.39705597 -0.01401023  0.3332268  -0.14882961 -0.30575782
  -0.06566844  0.07433591  0.43887039 -0.2876383  -0.38361799 -0.49226185
   0.26046091 -0.26732399 -0.17317891 -0.08826098  0.47955541  0.05887262
  -0.1944719 ]
 [ 0.03498943 -0.27552459  0.00400205  0.10949239 -0.02601579 -0.02122267
   0.33055957 -0.11149255  0.34623892 -0.41592655 -0.49928842  0.10600806
  -0.09807074  0.19351087  0.1977395   0.38283947  0.09167333  0.32518774
   0.14450808  0.42207464 -0.26044345 -0.4896016   0.30987617 -0.42701874
   0.10759374]
 [ 0.24287325 -0.0839197   0.35623888  0.06827399 -0.2596807  -0.04513371
  -0.47778251  0.37053233 -0.23256956 -0.06055615 -0.19964754  0.18296859
  -0.11478371  0.16802396 -0.36655458 -0.33928903 -0.14478528 -0.09912111
  -0.46920333 -0.33649227 -0.1474034  -0.22887001  0.06194662  0.04298889
   0.33921766]
 [ 0.27497408 -0.41451402 -0.3428468  -0.36040924 -0.03093153  0.42396025
  -0.37338467  0.47566076  0.10984066  0.01845352  0.33383991 -0.12592433
  -0.11107399 -0.1244334  -0.27645827  0.4544797   0.27022549 -0.2316556
   0.19886382  0.20871442 -0.4163632  -0.42874694 -0.27284139  0.37327678
  -0.46088956]
 [-0.11476506  0.12538737  0.11256037  0.43807918  0.43393058 -0.4623413
  -0.02586309  0.38525295 -0.15422698  0.0204058   0.47125796  0.40729417
   0.26868885  0.26763562  0.24157978 -0.1591349  -0.06150237 -0.28414377
  -0.06961863 -0.15630255  0.46668796 -0.00925889  0.05225787  0.30366152
   0.1012887 ]
 [-0.0389585  -0.38326992 -0.09628209 -0.22236533 -0.07691953 -0.36167621
   0.4905068   0.48713328  0.42617232 -0.26784746  0.19051973  0.01908632
   0.01161078  0.03131377 -0.30669012 -0.02303929  0.48489471  0.26468089
  -0.25165478  0.04441666 -0.06508435 -0.30038041 -0.00145072  0.31713268
  -0.33967487]
 [ 0.05962414 -0.14350887 -0.28842228 -0.09819214  0.0680077   0.19637988
   0.14795814 -0.31058718 -0.29357941 -0.20402876 -0.43512856 -0.32641475
   0.15750238 -0.46838454  0.43190144  0.0131614   0.30710335 -0.3888161
  -0.47120471 -0.3592661  -0.40117675 -0.25815927 -0.22606923  0.17914396
   0.24403967]]
[[-0.02329271 -0.34381065 -0.33672249 -0.27922001  0.08368248 -0.14732564
  -0.45657388 -0.31970368 -0.44383611  0.09366172  0.08333349  0.26199982
  -0.42096925 -0.17617215 -0.39906016  0.1596642   0.32863909  0.18284933]
 [-0.19645545 -0.37513801 -0.01755452  0.14593156 -0.4020837   0.06235233
  -0.01094568  0.49897534  0.08501409  0.29367232  0.08912122  0.17394507
   0.04363607  0.279257   -0.3993902   0.20836051  0.14357064 -0.42435425]
 [-0.4241311  -0.11109067  0.37611562  0.35229325 -0.00265296 -0.26932772
   0.36678463 -0.09581681  0.12807983 -0.18164737  0.42896995 -0.10136396
   0.13267329 -0.23516119 -0.21935518 -0.08972924  0.30291933 -0.00930299]
 [-0.18391725 -0.27377763 -0.02867641  0.39862128 -0.15480809 -0.08164804
   0.49319241  0.05855677 -0.43551876 -0.36877518  0.25475858 -0.47620974
  -0.42532583 -0.25312911  0.46025716  0.30052152  0.05856596  0.18973139]
 [ 0.22502097 -0.17659792 -0.16405192 -0.18972851  0.05200867  0.06304995
   0.04787865  0.39400757  0.43372439 -0.26133475 -0.26675266  0.49477862
   0.30962102  0.10959049 -0.31245498 -0.47379261  0.39675956 -0.22948978]
 [ 0.17803167 -0.47696337 -0.16367645 -0.31573669  0.28659838  0.34345641
   0.09056618  0.31425223  0.0584767   0.0909112   0.48565692  0.34409264
  -0.49281055 -0.23450749  0.23637647 -0.16160423  0.27522014 -0.28956359]
 [-0.31054179  0.36615006 -0.27626651 -0.48709647 -0.01136789  0.06276769
   0.10094321 -0.34223864 -0.03919398  0.03309684  0.00636097 -0.31499428
  -0.15583498  0.06082843 -0.11889675  0.38881783 -0.24342476 -0.26497125]
 [ 0.03063356  0.17836979 -0.09490092  0.24163124 -0.4282671   0.25751408
  -0.20318399  0.49516989 -0.0649523  -0.18370214 -0.05329704 -0.21417667
  -0.48943362 -0.27526218  0.37178238 -0.49467541 -0.20763902  0.01952667]
 [ 0.49565335  0.27077391 -0.11141279  0.30299062 -0.21469853 -0.24219945
   0.16434642 -0.08752308 -0.27317662  0.17502259  0.28689272  0.28220458
  -0.21675562  0.23632053 -0.32224553 -0.35054819  0.02673244 -0.25445716]
 [ 0.31704781  0.24395382  0.02102014 -0.0855933   0.11888301 -0.07670797
  -0.4269514  -0.43170295  0.31595966  0.34091141  0.28921621 -0.06383754
   0.40749749 -0.18107076  0.04174944 -0.42386162 -0.38956769  0.03025625]
 [-0.24404424  0.19442237  0.35993016 -0.07494015 -0.28231743  0.49917613
  -0.12190931 -0.101569    0.06264209  0.11912484 -0.15178812  0.49922754
   0.2973036   0.28631172 -0.12466042  0.49096365  0.21130423 -0.13041337]
 [-0.33750586 -0.05647258  0.00945338  0.05568523 -0.40902239  0.10316639
  -0.30350222  0.29173606  0.14314858 -0.17404244 -0.35403452 -0.25538143
   0.05375135 -0.39407647  0.29277418 -0.44586792 -0.27325625  0.0443536 ]
 [-0.41862592 -0.26777112 -0.0407208  -0.33259663  0.11894213  0.38679821
  -0.38205377 -0.04232023 -0.48610553  0.44661673 -0.19626702 -0.48767384
  -0.3612434  -0.17895112 -0.32201203 -0.1358144   0.46067061 -0.08240847]]
[[ 0.00287629 -0.39442059  0.20448091  0.03540192  0.22537459  0.09785974
  -0.21968583  0.39910863 -0.04138601  0.17428228 -0.47332668 -0.35051314
  -0.33954987]
 [ 0.41732512 -0.30445288  0.01079409 -0.08654375  0.4278701   0.43991436
   0.14095757 -0.34863419 -0.06576819  0.19567237  0.3202539   0.4168647
   0.37379564]
 [-0.17544262  0.46928933  0.32162375  0.24087538 -0.05213515 -0.20344267
  -0.40311842 -0.29945168  0.37262185 -0.30209622  0.33621112  0.04730216
   0.3044133 ]
 [ 0.0204998  -0.25166263  0.46194927  0.39301128  0.22491236 -0.07974004
  -0.40206219  0.21755571  0.39780579 -0.43334069 -0.30443614 -0.40240855
   0.14065579]
 [-0.1268117   0.04335657  0.43959454 -0.01008719 -0.04832766  0.18504701
  -0.35309333 -0.47515403  0.0640887   0.18319456  0.17671569  0.4356487
   0.32982884]
 [ 0.26224819  0.21683642  0.45125091  0.47119701  0.12556763 -0.13282391
  -0.25807266  0.33325344 -0.04690045  0.45437047  0.22500189 -0.31474262
  -0.37903235]
 [ 0.25222931 -0.47466411 -0.11487057 -0.29583283 -0.29704906  0.47849035
  -0.49625958 -0.33889296 -0.48953074 -0.07499517 -0.16784182  0.06021526
   0.16291538]
 [-0.18375758 -0.13383515  0.38344621  0.20028716  0.42349616  0.41914439
  -0.33010158 -0.07956682 -0.25735875 -0.4441514   0.31261517  0.16149786
   0.22764191]]


nnet_tab1 4 
[[-0.28360647  0.09090167 -0.14074263 ...  0.44025404  0.34046784
  -0.49002117]
 [-0.49110514  0.40331618  0.3878229  ... -0.09352259  0.30609138
  -0.3858725 ]
 [-0.16243732 -0.43642296  0.48920742 ...  0.09358343  0.31201692
  -0.29177534]
 ...
 [ 0.13935095  0.39182472  0.44162792 ... -0.29795472 -0.34392404
   0.46160127]
 [ 0.03573756  0.13594698  0.20187622 ...  0.49872986  0.2289889
   0.2469422 ]
 [-0.00424344 -0.10828592 -0.46833967 ...  0.34160109  0.00860772
  -0.191909  ]]
[[ 0.11284006 -0.15172032 -0.27611064 -0.49098258  0.49647716  0.13748232
  -0.20087143  0.22390925 -0.12462781 -0.08413784  0.45390283  0.21166868
   0.10709257  0.14906751  0.08375538  0.02490431  0.37205509  0.03776789
   0.16404886 -0.42140561  0.19163891 -0.49618579 -0.34827942  0.25783456
   0.05465503]
 [ 0.18387987  0.29229968  0.11835114  0.45458241  0.28230351  0.04558427
  -0.00239234  0.38945092  0.01675718 -0.12303191  0.47780074 -0.0809602
  -0.2722514  -0.18554334  0.16996419  0.28627737 -0.48423693  0.47923668
  -0.36802474  0.0739346   0.22814116 -0.4506177   0.45507083  0.17041217
  -0.08317799]
 [-0.39204523  0.02472463  0.36444319 -0.39781297  0.4761452  -0.32411991
   0.24325317 -0.43832042  0.02791305  0.21685522  0.0398094  -0.435558
   0.10182473 -0.1995776   0.39695059 -0.39683775  0.36885381  0.3329382
  -0.19324849  0.04405666 -0.44822002 -0.49300256  0.49702241  0.24568991
   0.21524977]
 [-0.21316886  0.21267618  0.21168621 -0.27647904  0.31569347 -0.25295259
   0.14110011 -0.42333768  0.161098   -0.2411506  -0.29979592  0.16776693
   0.08289022 -0.00887463  0.4512796   0.05180053 -0.06937442 -0.09650936
   0.01959023  0.39070328  0.25654182  0.14547151 -0.2716997  -0.34732649
  -0.24170734]
 [ 0.07979795  0.07818906 -0.02983284 -0.34119748 -0.20892516  0.49041001
   0.47258448  0.12619129 -0.24160559 -0.44514006  0.30294132 -0.19260123
  -0.48536324 -0.26645991 -0.12354604  0.17120148  0.25875971 -0.29321357
   0.22134009  0.21974015  0.4699473   0.38295844 -0.09943767 -0.24891675
   0.4977481 ]
 [ 0.44148831 -0.02076728 -0.45603682 -0.38057071  0.35790063  0.20203126
  -0.04478573 -0.43279488  0.00405182 -0.49651409 -0.09004136  0.26343925
   0.05222433  0.13745966  0.10459267  0.46896392  0.37330831  0.43249362
   0.18318583  0.18032457 -0.30450669 -0.41571063 -0.00278229  0.42344384
   0.02010643]
 [ 0.11737751  0.49133723  0.06384277  0.04832339 -0.46871854 -0.47442874
  -0.4625863   0.29866696  0.31790438  0.18804515  0.38107461 -0.10588597
   0.45999667 -0.16451574  0.26185752 -0.225082   -0.01059436  0.06318649
   0.14857148  0.05297012 -0.47279569 -0.28247613  0.34554408  0.22980958
   0.45143617]
 [ 0.16305523  0.00169721 -0.00127209 -0.49737317  0.14387892 -0.09430269
   0.12886867 -0.02176737 -0.01398539 -0.24005056  0.20575033 -0.20042031
   0.23968805  0.38762542  0.22801359 -0.1715314   0.29822582 -0.04501374
   0.06937924  0.11948606  0.44956603 -0.21503796 -0.48428385 -0.15965182
   0.02386925]
 [-0.15462947  0.14864947  0.37136214 -0.3287916  -0.18231184  0.09337813
   0.47780331 -0.48874994 -0.42057716 -0.37290105 -0.2935028  -0.23312016
  -0.33812685  0.1560047  -0.11866805  0.15737931 -0.1625793   0.08539714
  -0.15111416  0.4792334   0.46898322 -0.01228212 -0.02137209  0.12056891
   0.15606876]
 [-0.03249083  0.38984813 -0.44400582 -0.29896135 -0.2389084  -0.19304828
  -0.46078759 -0.33645007 -0.20000157  0.41276237 -0.41637408 -0.10780835
  -0.46655401  0.3520018  -0.23882717 -0.05228697  0.42058499 -0.20531899
   0.12198716 -0.40334208  0.13079369  0.46372111  0.24959314 -0.33607175
  -0.04074695]
 [ 0.27886429 -0.39305274 -0.45222633  0.30730796  0.15004309  0.29791533
   0.22932776 -0.31438856  0.3559292   0.45872443  0.11053142  0.45091264
   0.19667406 -0.40881483  0.4919721  -0.15920365  0.42363082  0.19220522
   0.3189721  -0.15382362  0.02323016  0.37990892  0.31276516  0.38321532
  -0.3665304 ]
 [-0.31955227  0.1720583   0.03207279 -0.09681718 -0.38201403  0.31440097
   0.48704588  0.39705597 -0.01401023  0.3332268  -0.14882961 -0.30575782
  -0.06566844  0.07433591  0.43887039 -0.2876383  -0.38361799 -0.49226185
   0.26046091 -0.26732399 -0.17317891 -0.08826098  0.47955541  0.05887262
  -0.1944719 ]
 [ 0.03498943 -0.27552459  0.00400205  0.10949239 -0.02601579 -0.02122267
   0.33055957 -0.11149255  0.34623892 -0.41592655 -0.49928842  0.10600806
  -0.09807074  0.19351087  0.1977395   0.38283947  0.09167333  0.32518774
   0.14450808  0.42207464 -0.26044345 -0.4896016   0.30987617 -0.42701874
   0.10759374]
 [ 0.24287325 -0.0839197   0.35623888  0.06827399 -0.2596807  -0.04513371
  -0.47778251  0.37053233 -0.23256956 -0.06055615 -0.19964754  0.18296859
  -0.11478371  0.16802396 -0.36655458 -0.33928903 -0.14478528 -0.09912111
  -0.46920333 -0.33649227 -0.1474034  -0.22887001  0.06194662  0.04298889
   0.33921766]
 [ 0.27497408 -0.41451402 -0.3428468  -0.36040924 -0.03093153  0.42396025
  -0.37338467  0.47566076  0.10984066  0.01845352  0.33383991 -0.12592433
  -0.11107399 -0.1244334  -0.27645827  0.4544797   0.27022549 -0.2316556
   0.19886382  0.20871442 -0.4163632  -0.42874694 -0.27284139  0.37327678
  -0.46088956]
 [-0.11476506  0.12538737  0.11256037  0.43807918  0.43393058 -0.4623413
  -0.02586309  0.38525295 -0.15422698  0.0204058   0.47125796  0.40729417
   0.26868885  0.26763562  0.24157978 -0.1591349  -0.06150237 -0.28414377
  -0.06961863 -0.15630255  0.46668796 -0.00925889  0.05225787  0.30366152
   0.1012887 ]
 [-0.0389585  -0.38326992 -0.09628209 -0.22236533 -0.07691953 -0.36167621
   0.4905068   0.48713328  0.42617232 -0.26784746  0.19051973  0.01908632
   0.01161078  0.03131377 -0.30669012 -0.02303929  0.48489471  0.26468089
  -0.25165478  0.04441666 -0.06508435 -0.30038041 -0.00145072  0.31713268
  -0.33967487]
 [ 0.05962414 -0.14350887 -0.28842228 -0.09819214  0.0680077   0.19637988
   0.14795814 -0.31058718 -0.29357941 -0.20402876 -0.43512856 -0.32641475
   0.15750238 -0.46838454  0.43190144  0.0131614   0.30710335 -0.3888161
  -0.47120471 -0.3592661  -0.40117675 -0.25815927 -0.22606923  0.17914396
   0.24403967]]
[[-0.02329271 -0.34381065 -0.33672249 -0.27922001  0.08368248 -0.14732564
  -0.45657388 -0.31970368 -0.44383611  0.09366172  0.08333349  0.26199982
  -0.42096925 -0.17617215 -0.39906016  0.1596642   0.32863909  0.18284933]
 [-0.19645545 -0.37513801 -0.01755452  0.14593156 -0.4020837   0.06235233
  -0.01094568  0.49897534  0.08501409  0.29367232  0.08912122  0.17394507
   0.04363607  0.279257   -0.3993902   0.20836051  0.14357064 -0.42435425]
 [-0.4241311  -0.11109067  0.37611562  0.35229325 -0.00265296 -0.26932772
   0.36678463 -0.09581681  0.12807983 -0.18164737  0.42896995 -0.10136396
   0.13267329 -0.23516119 -0.21935518 -0.08972924  0.30291933 -0.00930299]
 [-0.18391725 -0.27377763 -0.02867641  0.39862128 -0.15480809 -0.08164804
   0.49319241  0.05855677 -0.43551876 -0.36877518  0.25475858 -0.47620974
  -0.42532583 -0.25312911  0.46025716  0.30052152  0.05856596  0.18973139]
 [ 0.22502097 -0.17659792 -0.16405192 -0.18972851  0.05200867  0.06304995
   0.04787865  0.39400757  0.43372439 -0.26133475 -0.26675266  0.49477862
   0.30962102  0.10959049 -0.31245498 -0.47379261  0.39675956 -0.22948978]
 [ 0.17803167 -0.47696337 -0.16367645 -0.31573669  0.28659838  0.34345641
   0.09056618  0.31425223  0.0584767   0.0909112   0.48565692  0.34409264
  -0.49281055 -0.23450749  0.23637647 -0.16160423  0.27522014 -0.28956359]
 [-0.31054179  0.36615006 -0.27626651 -0.48709647 -0.01136789  0.06276769
   0.10094321 -0.34223864 -0.03919398  0.03309684  0.00636097 -0.31499428
  -0.15583498  0.06082843 -0.11889675  0.38881783 -0.24342476 -0.26497125]
 [ 0.03063356  0.17836979 -0.09490092  0.24163124 -0.4282671   0.25751408
  -0.20318399  0.49516989 -0.0649523  -0.18370214 -0.05329704 -0.21417667
  -0.48943362 -0.27526218  0.37178238 -0.49467541 -0.20763902  0.01952667]
 [ 0.49565335  0.27077391 -0.11141279  0.30299062 -0.21469853 -0.24219945
   0.16434642 -0.08752308 -0.27317662  0.17502259  0.28689272  0.28220458
  -0.21675562  0.23632053 -0.32224553 -0.35054819  0.02673244 -0.25445716]
 [ 0.31704781  0.24395382  0.02102014 -0.0855933   0.11888301 -0.07670797
  -0.4269514  -0.43170295  0.31595966  0.34091141  0.28921621 -0.06383754
   0.40749749 -0.18107076  0.04174944 -0.42386162 -0.38956769  0.03025625]
 [-0.24404424  0.19442237  0.35993016 -0.07494015 -0.28231743  0.49917613
  -0.12190931 -0.101569    0.06264209  0.11912484 -0.15178812  0.49922754
   0.2973036   0.28631172 -0.12466042  0.49096365  0.21130423 -0.13041337]
 [-0.33750586 -0.05647258  0.00945338  0.05568523 -0.40902239  0.10316639
  -0.30350222  0.29173606  0.14314858 -0.17404244 -0.35403452 -0.25538143
   0.05375135 -0.39407647  0.29277418 -0.44586792 -0.27325625  0.0443536 ]
 [-0.41862592 -0.26777112 -0.0407208  -0.33259663  0.11894213  0.38679821
  -0.38205377 -0.04232023 -0.48610553  0.44661673 -0.19626702 -0.48767384
  -0.3612434  -0.17895112 -0.32201203 -0.1358144   0.46067061 -0.08240847]]
[[ 0.00287629 -0.39442059  0.20448091  0.03540192  0.22537459  0.09785974
  -0.21968583  0.39910863 -0.04138601  0.17428228 -0.47332668 -0.35051314
  -0.33954987]
 [ 0.41732512 -0.30445288  0.01079409 -0.08654375  0.4278701   0.43991436
   0.14095757 -0.34863419 -0.06576819  0.19567237  0.3202539   0.4168647
   0.37379564]
 [-0.17544262  0.46928933  0.32162375  0.24087538 -0.05213515 -0.20344267
  -0.40311842 -0.29945168  0.37262185 -0.30209622  0.33621112  0.04730216
   0.3044133 ]
 [ 0.0204998  -0.25166263  0.46194927  0.39301128  0.22491236 -0.07974004
  -0.40206219  0.21755571  0.39780579 -0.43334069 -0.30443614 -0.40240855
   0.14065579]
 [-0.1268117   0.04335657  0.43959454 -0.01008719 -0.04832766  0.18504701
  -0.35309333 -0.47515403  0.0640887   0.18319456  0.17671569  0.4356487
   0.32982884]
 [ 0.26224819  0.21683642  0.45125091  0.47119701  0.12556763 -0.13282391
  -0.25807266  0.33325344 -0.04690045  0.45437047  0.22500189 -0.31474262
  -0.37903235]
 [ 0.25222931 -0.47466411 -0.11487057 -0.29583283 -0.29704906  0.47849035
  -0.49625958 -0.33889296 -0.48953074 -0.07499517 -0.16784182  0.06021526
   0.16291538]
 [-0.18375758 -0.13383515  0.38344621  0.20028716  0.42349616  0.41914439
  -0.33010158 -0.07956682 -0.25735875 -0.4441514   0.31261517  0.16149786
   0.22764191]]


